2I 483999  233780988 113848193 119932795  97461581 101994993  13239610  14668595    784496    799933   2362506   2469274   8436683   8342848  89545038  94186687  12898200  14314511    720114    737201   2248158   2351548
2I 483  0    3655579   1869887   1785692   1529913   1452998    273209    268193     19061     18631     47704     45870    195312    186485   1346709   1278230    265233    260464     17594     17206     45039     43307
2I 483  1    3506006   1794550   1711456   1470967   1394624    261039    256552     17146     16537     45398     43743    185960    177171   1296170   1228293    253685    249341     15819     15259     42916     41392
2I 483  2    3484427   1781761   1702666   1456179   1383180    263389    258341     17243     16676     44950     44469    180153    172055   1286686   1221472    256329    251506     16005     15464     42588     42169
2I 483  3    3454041   1764274   1689767   1439143   1370126    264253    259163     17529     17394     43349     43084    190274    184890   1260991   1197008    256378    251607     15694     15568     40937     40694
2I 483  4    3353149   1714956   1638193   1395265   1324845    260848    256183     17025     16160     41818     41005    180526    172691   1226391   1163401    253326    248883     15255     14474     39458     38744
2I 483  5    3312274   1694056   1618218   1385267   1314692    253668    249584     15530     15162     39591     38780    180160    173510   1216449   1152085    246347    242484     13809     13538     37291     36601
2I 483  6    3219228   1647256   1571972   1348151   1279013    245438    240954     15061     14195     38606     37810    178037    171479   1181039   1117949    238286    234078     13439     12670     36455     35796
2I 483  7    3193966   1635424   1558542   1337520   1267538    244185    238971     14784     14387     38935     37646    175636    169276   1172426   1108204    237248    232640     13245     12839     36869     35583
2I 483  8    3109897   1594177   1515720   1306442   1235306    234124    229382     14645     14141     38966     36891    167153    160509   1149507   1084145    227502    223333     13203     12800     36812     34933
2I 483  9    3182323   1628335   1553988   1324040   1255889    247079    242616     15844     15631     41372     39852    166940    161598   1167565   1104362    240509    236271     14264     14109     39057     37648
2I 483 10    3335675   1707856   1627819   1387168   1314437    262329    257151     16327     15832     42032     40399    167073    158795   1230358   1165591    255834    250797     14884     14441     39707     38195
2I 483 11    3525639   1802527   1723112   1472904   1401324    270902    264980     16596     16232     42125     40576    167680    162089   1315450   1248962    264477    258876     15137     14818     39783     38367
2I 483 12    3781356   1934648   1846708   1591962   1511639    282575    277649     17477     16995     42634     40425    170934    165184   1431546   1356625    275874    271150     15990     15564     40304     38185
2I 483 13    3697242   1889031   1808211   1559844   1486995    269606    265121     17218     16872     42363     39223    163453    159468   1406460   1337317    263233    258927     15737     15417     40148     37082
2I 483 14    3621483   1851790   1769693   1531048   1454890    263381    260759     16904     16323     40457     37721    158315    153646   1382507   1311028    257031    254334     15527     14974     38410     35711
2I 483 15    3598821   1838343   1760478   1511168   1439527    271264    268422     16693     15984     39218     36545    157860    153249   1363279   1296336    264681    261718     15335     14639     37188     34536
2I 483 16    3704987   1890723   1814264   1556677   1488739    278979    274314     16511     16278     38556     34933    161478    156037   1405620   1342899    271991    267427     15133     14952     36501     32949
2I 483 17    3840854   1968133   1872721   1616750   1533306    293585    286831     17657     16475     40141     36109    171012    160836   1456828   1382989    286107    279675     16216     15150     37970     34071
2I 483 18    4036525   2051929   1984596   1697650   1634474    294856    295690     18291     17502     41132     36930    176080    165434   1533021   1480230    286965    288029     16873     16112     38990     34791
2I 483 19    4357600   2213359   2144241   1840064   1775601    307580    309483     19631     18400     46084     40757    193233    177888   1659647   1609680    298962    301310     17965     16950     43552     38413
2I 483 20    4384039   2226708   2157331   1860080   1792573    301181    305670     19299     17812     46148     41276    201929    181907   1671102   1622803    292449    297587     17666     16269     43562     38765
2I 483 21    4389794   2228930   2160864   1873840   1803195    291268    299071     17828     16907     45994     41691    204991    178398   1682195   1636886    282345    290902     16106     15459     43293     39219
2I 483 22    4362655   2208905   2153750   1869570   1801399    277586    293418     16991     16556     44758     42377    204636    178822   1677852   1634750    268911    285297     15366     15042     42140     39839
2I 483 23    4333785   2186110   2147675   1853553   1795827    272276    291103     16340     15963     43941     44782    205449    178477   1661114   1629381    263629    283018     14733     14632     41185     42167
2I 483 24    4385097   2210036   2175061   1878884   1819125    270358    293525     15443     15553     45351     46858    202944    177063   1688721   1654243    261634    285294     13979     14235     42758     44226
2I 483 25    4418228   2224038   2194190   1893631   1839108    268865    290045     14595     14402     46947     50635    200434    177795   1705669   1673510    260679    282040     13017     12995     44239     47850
2I 483 26    4298650   2160508   2138142   1840740   1789164    259143    283378     14200     14562     46425     51038    190291    172079   1662387   1628755    251067    275702     12804     13195     43959     48411
2I 483 27    4243705   2125256   2118449   1809644   1770396    253608    279532     14372     15310     47632     53211    182277    167753   1638912   1614003    245919    272127     12941     13956     45207     50610
2I 483 28    3992647   1997972   1994675   1706725   1671158    231418    258323     11991     12051     47838     53143    165263    153993   1551718   1527208    224691    251913     10843     10989     45457     50572
2I 483 29    4192637   2097503   2095134   1789805   1756355    242179    268385     13151     13262     52368     57132    167338    158694   1632599   1608473    235680    261564     11941     12097     49945     54306
2I 483 30    4059330   2024789   2034541   1734011   1708780    224663    254712     13490     13866     52625     57183    154729    150321   1588849   1568772    218685    248324     12270     12658     50256     54466
2I 483 31    3888608   1934830   1953778   1661233   1643048    210151    242049     13253     13611     50193     55070    143349    140576   1526859   1511756    204556    236229     12073     12536     47993     52681
2I 483 32    3718732   1846917   1871815   1579515   1566769    204910    236491     13519     14324     48973     54231    138194    135814   1449804   1440038    199490    230882     12469     13230     46960     51851
2I 483 33    3646263   1805239   1841024   1549580   1547258    194553    225395     11886     12707     49220     55664    130518    130465   1426872   1425320    189649    220125     10992     11810     47208     53304
2I 483 34    3719797   1848407   1871390   1594143   1580903    197617    226808     11048     11748     45599     51931    127126    127279   1474714   1462024    192632    221462     10199     10899     43736     49726
2I 483 35    3748291   1855827   1892464   1619589   1618829    182151    211546     11157     12224     42930     49865    120759    123039   1505910   1503711    177672    206596     10314     11359     41172     47759
2I 483 36    3673006   1816726   1856280   1603549   1605480    162844    193855     10448     11130     39885     45815    112374    115725   1497806   1497173    158790    189315      9611     10294     38145     43773
2I 483 37    2812059   1382828   1429231   1196787   1211247    140090    167346      9548      9771     36403     40867     99307    102910   1103648   1115166    136266    162980      8788      9058     34819     39117
2I 483 38    2791607   1373302   1418305   1198503   1212371    131436    158180      9249      9970     34114     37784     94149     96804   1109873   1121843    128033    154302      8582      9282     32665     36074
2I 483 39    3034687   1497622   1537065   1306661   1318571    145988    170501      9369      9714     35604     38279     94265     99612   1218183   1225689    142295    166118      8720      9046     34159     36600
2I 483 40    3055821   1504890   1550931   1321315   1338176    140747    166480      9206      9686     33622     36589     89101     94679   1237487   1249804    137459    162351      8564      9055     32279     35042
2I 483 41    2633271   1293163   1340108   1125878   1145617    128287    152539      8392      8795     30606     33157     81122     84903   1049745   1066400    125037    148869      7843      8209     29416     31727
2I 483 42    2483845   1220316   1263529   1062878   1080170    120193    144457      8075      8190     29170     30712     79295     82067    988464   1003489    117062    140908      7521      7663     27974     29402
2I 483 43    2400705   1175411   1225294   1019759   1044575    119938    142974      7804      8387     27910     29358     78731     82059    945924    968052    116640    139255      7333      7854     26783     28074
2I 483 44    2437600   1195798   1241802   1039641   1061989    121664    144533      7369      7761     27124     27519     75240     79024    969236    988432    118487    140772      6907      7272     25928     26302
2I 483 45    2329629   1140616   1189013    988428   1013801    118894    141343      7100      7295     26194     26574     71733     75809    921200    943045    115931    137848      6663      6844     25089     25467
2I 483 46    2236686   1091179   1145507    954301    981892    106394    132217      6563      6906     23921     24492     67929     72354    890583    914112    103576    129080      6164      6488     22927     23473
2I 483 47    2277112   1108368   1168744    964452    999535    113295    137263      6597      7009     24024     24937     68666     73139    900082    931153    110371    133895      6205      6609     23044     23948
2I 483 48    2179816   1064776   1115040    942525    969363     95826    117344      6045      6140     20380     22193     64855     68169    881229    905114     93404    114620      5688      5754     19600     21383
2I 483 49    2146758   1048683   1098075    915448    944041    105916    123605      6207      6584     21112     23845     62166     66320    857051    882006    103333    120613      5833      6165     20300     22971
2I 483 50    2182020   1052077   1129943    921487    971589    105160    128381      5761      6470     19669     23503     59132     64998    865984    910618    102649    125556      5391      6081     18921     22690
2I 483 51    2178406   1051690   1126716    929581    976719     98186    122021      5433      6053     18490     21923     59204     62672    873617    917626     95908    119471      5125      5722     17836     21225
2I 483 52    2245943   1081025   1164918    957958   1013630     99830    123459      5329      6003     17908     21826     59660     64621    901608    952875     97489    120708      5014      5652     17254     21062
2I 483 53    2284181   1110250   1173931    989522   1025979     98432    121126      5338      5698     16958     21128     60262     64499    932332    965211     96295    118483      5004      5359     16357     20379
2I 483 54    2327144   1115018   1212126    989991   1058395    103024    126393      5300      5811     16703     21527     57964     63440    935150    998943    100803    123547      4980      5452     16121     20744
2I 483 55    2332284   1111952   1220332    989644   1070522    101067    123653      5072      5582     16169     20575     54253     59489    938408   1014663     98939    121077      4767      5264     15585     19839
2I 483 56    2273051   1074067   1198984    958715   1056131     95744    118113      4677      5179     14931     19561     50209     56846    911260   1002710     93804    115704      4404      4865     14390     18859
2I 483 57    2307124   1087715   1219409    970015   1075104     97883    120240      4741      5015     15076     19050     50164     55888    922564   1022599     95998    117906      4468      4703     14521     18313
2I 483 58    2276940   1069531   1207409    960913   1075025     89600    110073      4458      4995     14560     17316     46494     52519    916966   1025580     87857    107916      4172      4715     14042     16679
2I 483 59    2291684   1071547   1220137    960672   1084319     91240    113034      4598      5038     15037     17746     46436     50255    916707   1037246     89516    110789      4330      4753     14558     17094
2I 483 60    2218174   1031426   1186748    919138   1047786     93098    116840      4449      4891     14741     17231     42552     47099    879040   1003846     91349    114642      4208      4596     14277     16565
2I 483 61    2274080   1062573   1211507    961673   1085719     83408    105719      4046      4400     13446     15669     41036     45382    922727   1043028     81947    103731      3831      4185     13032     15181
2I 483 62    2106183    981179   1125004    885600   1004218     78887    101660      3875      4217     12817     14909     35927     41753    851608    965097     77549     99806      3661      3980     12434     14368
2I 483 63    2019562    938238   1081324    849920    968073     73141     95544      3542      3874     11635     13833     34637     39638    817142    930892     71857     93801      3364      3687     11238     13306
2I 483 64    1998924    916551   1082373    829210    970052     72971     95042      3300      3843     11070     13436     29891     36438    801020    935935     71768     93358      3145      3662     10727     12980
2I 483 65    1999984    912593   1087391    824863    973334     74294     97431      3059      3590     10377     13036     29254     35590    797355    940106     73036     95728      2895      3404     10053     12563
2I 483 66    1860579    835968   1024611    755584    918658     67841     90491      2769      3344      9774     12118     25243     32367    731975    888467     66712     88928      2605      3171      9433     11678
2I 483 67    1804754    806613    998141    726124    890744     67903     92152      2820      3297      9766     11948     24422     31391    703202    861379     66845     90660      2676      3152      9468     11559
2I 483 68    1734625    763677    970948    691349    873394     60274     83696      2577      3316      9477     10542     23410     31019    669348    844293     59312     82348      2480      3157      9127     10131
2I 483 69    1705982    738157    967825    661969    863202     63812     90554      2611      3335      9765     10734     22824     31056    640650    834232     62849     89042      2497      3186      9337     10309
2I 483 70    1611278    693171    918107    623081    822222     59005     83576      2380      2941      8705      9368     21004     28685    603489    795314     58096     82267      2264      2808      8318      9033
2I 483 71    1537625    653736    883889    591902    798181     51561     74325      2243      2791      8030      8592     20041     27478    573202    772397     50767     73121      2115      2648      7611      8245
2I 483 72    1449615    608996    840619    551294    758928     48114     71179      2115      2548      7473      7964     19202     26476    533425    733849     47362     70188      1978      2436      7029      7670
2I 483 73    1352846    559389    793457    508255    718718     42457     65053      1729      2484      6948      7202     17357     23788    491924    696320     41875     64033      1651      2376      6582      6940
2I 483 74    1301750    528474    773276    477085    699755     42851     64382      1703      2419      6835      6720     16324     22435    461839    678641     42244     63421      1632      2309      6435      6470
2I 483 75    1212099    485425    726674    438214    658839     39377     59536      1578      2190      6256      6109     15306     20581    423901    639321     38815     58780      1497      2100      5906      5892
2I 483 76    1121449    439497    681952    396661    619438     35784     54969      1499      2045      5553      5500     13969     19355    383632    601097     35237     54207      1420      1970      5239      5323
2I 483 77    1040357    398766    641591    359581    582890     32744     51706      1379      1916      5062      5079     13186     18231    347221    565599     32245     51019      1324      1838      4790      4904
2I 483 78     953632    358642    594990    323909    542031     29019     46545      1255      1698      4459      4716     12044     16960    312643    525863     28578     45982      1185      1622      4192      4563
2I 483 79     873460    322201    551259    290385    501527     26798     44005      1105      1534      3913      4193     11030     15138    280045    487145     26375     43446      1046      1470      3705      4060
2I 483 80     777067    278949    498118    251424    454101     23364     38947       944      1344      3217      3726      9534     13057    242492    441741     22971     38422       898      1287      3054      3611
2I 483 81     693614    242487    451127    222167    417333     16825     29501       766      1141      2729      3152      8113     11541    214521    406284     16571     29138       728      1103      2554      3061
2I 483 82     617426    213132    404294    195431    373984     14893     26595       630      1003      2178      2712      7917     11871    187956    362658     14620     26183       591       958      2048      2624
2I 483 83     567000    190906    376094    175103    348135     13352     24622       542       827      1909      2510      6097      8781    169341    339715     13136     24356       520       793      1812      2449
2I 483 84     512391    168123    344268    153168    317469     12806     23556       504       830      1645      2413      4812      7242    148666    310592     12598     23267       480       790      1567      2377
2I 483 85     442536    141146    301390    127905    278329     11144     20348       496       715      1601      1998      3853      6055    124317    272594     10958     20090       476       683      1542      1968
2I 483 86     380933    117675    263258    106928    243771      9045     17188       412       609      1290      1690      3302      5307    103933    238723      8817     16984       395       581      1228      1663
2I 483 87     325519     97443    228076     88446    211379      7685     14809       346       533       966      1355      2856      4718     85858    206860      7499     14655       324       502       906      1341
2I 483 88     280991     84007    196984     76122    182140      7005     13276       294       495       586      1073      2645      4010     73746    178319      6799     13122       277       476       540      1057
2I 483 89     244256     70686    173570     63689    159316      6327     12843       253       460       417       951      2189      3455     61719    156038      6158     12707       233       435       387       935
2I 483 90     193614     54326    139288     49514    128646      4318      9610       199       343       295       689      1665      2775     47991    126008      4204      9503       183       323       283       679
2I 483 91     155680     42370    113310     38819    104883      3126      7513       141       275       284       639      1259      2292     37645    102711      3064      7428       130       259       272       620
2I 483 92     124508     33423     91085     30593     84128      2443      6166       118       217       269       574       969      1837     29661     82373      2419      6105       112       207       262       563
2I 483 93      97815     25824     71991     23486     66347      1963      5003       103       161       272       480       750      1478     22777     64941      1945      4951        97       155       255       466
2I 483 94      74235     19090     55145     17239     50610      1541      3980        82       142       228       413       548      1127     16720     49541      1523      3943        78       134       221       400
2I 483 95      53833     13350     40483     11964     37128      1103      2942        79       104       204       309       391       836     11600     36341      1089      2906        77        98       193       302
2I 483 96      38934      9358     29576      8338     27025       854      2253        41        82       125       216       275       602      8080     26457       847      2230        38        77       118       210
2I 483 97      27724      6498     21226      5696     19284       681      1740        35        51        86       151       184       434      5521     18877       678      1719        33        49        82       147
2I 483 98      18940      4386     14554      3802     13189       525      1238        21        35        38        92       127       307      3685     12915       520      1212        20        31        34        89
2I 483 99      13081      2944     10137      2483      9124       443       964         2         3        16        46       102       232      2394      8913       435       950         0         0        13        42
2I 483100      19224      3258     15966      2179     13692       934      2176        39        43       106        55       229       465      1994     13277       903      2137        36        39        96        48
2I 783999  234307207 114112509 120194698  97637647 102162416  13278197  14712046    791766    807257   2404899   2512979   8530019   8424802  89639820  94283485  12929546  14351281    725692    742998   2287432   2392132
2I 783  0    3649184   1867842   1781342   1527647   1448376    272755    267876     19238     18764     48202     46326    195629    186559   1344336   1273730    264673    260042     17728     17302     45476     43709
2I 783  1    3530264   1806495   1723769   1479313   1403346    263228    258739     17663     17022     46291     44662    188863    180081   1301993   1234477    255626    251288     16283     15693     43730     42230
2I 783  2    3490553   1784618   1705935   1459108   1386482    262459    257251     17284     16841     45767     45361    182875    174751   1287217   1222391    255211    250241     15994     15570     43321     42982
2I 783  3    3478505   1777030   1701475   1449195   1378853    265699    261046     17584     17401     44552     44175    188882    182733   1272143   1207652    258011    253624     15871     15698     42123     41768
2I 783  4    3398377   1737493   1660884   1413371   1342924    263768    259561     17272     16332     43082     42067    184541    177157   1240866   1177372    256000    252048     15439     14580     40647     39727
2I 783  5    3295766   1685561   1610205   1376456   1306688    252835    248408     15763     15335     40507     39774    180042    173138   1207963   1144658    245407    241212     13999     13665     38150     37532
2I 783  6    3275929   1677322   1598607   1371701   1299905    251267    245783     15172     14420     39182     38499    179979    173380   1202955   1137248    243958    238731     13483     12836     36947     36412
2I 783  7    3176388   1625218   1551170   1329155   1261097    241707    237651     14999     14459     39357     37963    177667    171405   1162332   1099989    234601    231074     13395     12857     37223     35845
2I 783  8    3122449   1600616   1521833   1310413   1239089    236407    231399     14681     14209     39115     37136    169136    162325   1151724   1086325    229613    225253     13191     12802     36952     35128
2I 783  9    3182719   1629348   1553371   1326094   1256662    245790    240823     15795     15555     41669     40331    168984    163574   1167793   1103263    239071    234411     14191     14024     39309     38099
2I 783 10    3308761   1694562   1614199   1374890   1302520    260618    255440     16359     15867     42695     40372    167729    159651   1217605   1152982    254011    248990     14894     14456     40323     38120
2I 783 11    3456456   1767319   1689137   1440962   1369917    267297    261913     16458     16079     42602     41228    166749    160643   1284492   1219061    260861    255778     14992     14657     40225     38998
2I 783 12    3753786   1920896   1832890   1576315   1496112    283565    278327     17553     17087     43463     41364    171109    165508   1415818   1340879    276851    271812     16040     15631     41078     39060
2I 783 13    3706645   1894411   1812234   1568180   1494329    266104    261116     17526     17131     42601     39658    167074    162452   1411534   1341957    259535    254748     15995     15641     40273     37436
2I 783 14    3642878   1861434   1781444   1534177   1460049    268167    265611     17048     16529     42042     39255    160232    155698   1383963   1314321    261713    259129     15620     15130     39906     37166
2I 783 15    3604276   1841536   1762740   1513674   1441777    270757    267372     16824     16062     40281     37529    158938    153937   1364783   1297995    264158    260645     15442     14691     38215     35472
2I 783 16    3685509   1881381   1804128   1549152   1480321    276453    271933     16516     16218     39260     35656    161816    156209   1397864   1334441    269420    264999     15118     14867     37163     33612
2I 783 17    3807720   1950858   1856862   1601691   1519122    290934    284703     17453     16388     40780     36649    171009    160919   1441904   1368828    283403    277488     15985     15046     38557     34581
2I 783 18    3977774   2022415   1955359   1670008   1607308    292586    293323     18210     17315     41611     37413    176423    165346   1505212   1453289    284619    285589     16764     15913     39397     35222
2I 783 19    4351633   2212386   2139247   1836519   1768789    309171    310512     19705     18508     46991     41438    194049    178922   1655562   1602079    300354    302168     18017     17034     44404     39044
2I 783 20    4382767   2226934   2155833   1859654   1790326    300959    305478     19478     17951     46843     42078    203652    183071   1669284   1619648    292020    297228     17807     16386     44171     39500
2I 783 21    4365479   2216423   2149056   1860542   1791151    290974    298431     18031     16955     46876     42519    206662    179944   1667470   1623501    281912    290164     16276     15475     44103     39972
2I 783 22    4390953   2224228   2166725   1881142   1812171    280124    294841     17197     16748     45765     42965    207859    180872   1686647   1643773    271177    286520     15497     15198     43048     40362
2I 783 23    4313397   2175720   2137677   1844479   1785792    270242    290403     16555     16159     44444     45323    209628    181647   1648250   1616576    261348    282081     14897     14757     41597     42616
2I 783 24    4391206   2213508   2177698   1878372   1818878    272924    295273     15700     15783     46512     47764    206909    179211   1684725   1652115    263899    286869     14174     14445     43801     45058
2I 783 25    4406371   2219611   2186760   1890328   1833096    267223    288156     14761     14593     47299     50915    203491    179316   1699660   1666265    258786    279950     13172     13177     44502     48052
2I 783 26    4367456   2194862   2172594   1870146   1817921    262677    287476     14103     14396     47936     52801    194065    174615   1688356   1655308    254423    279602     12654     12990     45364     50079
2I 783 27    4246928   2128678   2118250   1810804   1769069    254812    280147     14609     15488     48453     53546    185621    170114   1637122   1610651    246850    272503     13127     14098     45958     50884
2I 783 28    4004099   2004570   1999529   1710898   1674031    232961    259154     12422     12646     48289     53698    168751    156709   1552769   1527668    225974    252545     11210     11512     45866     51095
2I 783 29    4234631   2119201   2115430   1806557   1770261    245641    273336     13031     13102     53972     58731    170963    161187   1646132   1620066    238847    266373     11799     11937     51460     55867
2I 783 30    4074316   2032929   2041387   1738338   1713274    227626    256237     13572     13950     53393     57926    158060    152876   1590124   1571079    221468    249647     12318     12692     50959     55093
2I 783 31    3877136   1930130   1947006   1657897   1637401    208259    240318     13234     13548     50740     55739    144398    141752   1522627   1505138    202589    234394     12020     12446     48496     53276
2I 783 32    3805478   1889173   1916305   1616128   1604780    208977    241607     13662     14407     50406     55511    140386    137621   1484508   1476426    203386    235857     12567     13289     48326     53112
2I 783 33    3636205   1801270   1834935   1544334   1540048    195208    225942     12305     13205     49423     55740    133179    132523   1419269   1416317    190110    220522     11358     12249     47354     53324
2I 783 34    3744173   1860336   1883837   1602387   1589212    199793    229431     11142     11859     47014     53335    129053    128853   1481225   1468966    194677    223966     10282     10993     45099     51059
2I 783 35    3672103   1820320   1851783   1580761   1576055    184464    212892     11340     12398     43755     50438    122051    124152   1466034   1460041    179815    207784     10473     11514     41947     48292
2I 783 36    3870290   1911829   1958461   1689484   1696341    169693    202192     10715     11554     41937     48374    114634    117908   1581663   1586034    165518    197556      9857     10689     40157     46274
2I 783 37    2845036   1401010   1444026   1215103   1226176    140145    167140      9710      9944     36052     40766    102281    106123   1119203   1127132    136197    162640      8914      9195     34415     38936
2I 783 38    2786425   1370718   1415707   1194920   1208253    131724    158765      9259      9901     34815     38788     95025     97459   1105566   1117171    128238    154808      8566      9201     33323     37068
2I 783 39    2992129   1476189   1515940   1285008   1296971    145545    170031      9515      9955     36121     38983     95781    100609   1195193   1203244    141754    165598      8841      9257     34620     37232
2I 783 40    3125546   1538918   1586628   1352095   1370074    142710    168919      9408      9865     34705     37770     90475     96291   1267074   1280304    139308    164657      8740      9207     33321     36169
2I 783 41    2673925   1314196   1359729   1145681   1163845    128868    152997      8475      8952     31172     33935     82115     86335   1068589   1083305    125629    149256      7910      8353     29953     32480
2I 783 42    2521128   1238716   1282412   1078291   1095888    122481    146699      8197      8318     29747     31507     79762     82670   1003519   1018737    119266    143083      7627      7768     28542     30154
2I 783 43    2418034   1183946   1234088   1027232   1052004    120135    143498      8027      8547     28552     30039     79896     83073    952374    974570    116759    139720      7521      8001     27396     28724
2I 783 44    2431483   1193141   1238342   1036109   1057765    122247    144729      7405      7878     27380     27970     76052     79722    964964    983623    119007    140913      6940      7370     26178     26714
2I 783 45    2350476   1150882   1199594    997593   1023115    119350    141999      7193      7369     26746     27111     72295     76536    929891    951776    116357    138402      6743      6906     25596     25974
2I 783 46    2258898   1102487   1156411    963306    990305    108016    134002      6671      7009     24494     25095     68790     73058    898819    921924    105157    130807      6258      6577     23463     24045
2I 783 47    2268619   1104609   1164010    961044    995383    112524    136458      6662      7096     24379     25073     68824     73477    896626    926750    109536    133054      6260      6682     23363     24047
2I 783 48    2142170   1046449   1095721    924260    950996     95528    116314      6112      6237     20549     22174     65147     68536    862789    886483     93034    113508      5748      5849     19731     21345
2I 783 49    2186228   1068231   1117997    933910    962175    106395    125038      6294      6606     21632     24178     63606     67518    874151    898991    103751    122024      5912      6174     20811     23290
2I 783 50    2168421   1046745   1121676    915845    964037    105023    127422      5883      6569     19994     23648     59467     65544    860096    902679    102478    124486      5495      6165     19209     22802
2I 783 51    2161166   1043834   1117332    921465    967454     98115    121548      5446      6052     18808     22278     58581     62276    866155    908774     95821    119014      5131      5716     18146     21552
2I 783 52    2226504   1071964   1154540    948835   1003152     99674    123329      5342      6064     18113     21995     59594     64112    892591    942893     97305    120581      5025      5708     17449     21246
2I 783 53    2277735   1104729   1173006    983715   1024589     98403    121210      5373      5808     17238     21399     60717     65289    926181    963123     96182    118504      5035      5457     16614     20633
2I 783 54    2321937   1115055   1206882    989903   1053157    102855    126099      5352      5839     16945     21787     58583     64092    934480    993086    100621    123242      5021      5473     16350     20989
2I 783 55    2313467   1102871   1210596    980316   1060446    101054    123626      5136      5664     16365     20860     54689     60041    928684   1004145     98903    120980      4824      5337     15771     20093
2I 783 56    2285209   1082165   1203044    966413   1059739     95820    118232      4707      5231     15225     19842     51011     57332    918221   1005863     93841    115801      4426      4915     14666     19133
2I 783 57    2304871   1086546   1218325    968434   1073383     98100    120470      4776      5046     15236     19426     50417     56432    920802   1020429     96163    118066      4501      4725     14663     18673
2I 783 58    2254109   1058625   1195484    950134   1062806     89362    109968      4520      4979     14609     17731     46648     52978    906066   1012969     87600    107790      4229      4686     14082     17061
2I 783 59    2299496   1075331   1224165    964197   1087768     91324    113178      4597      5099     15213     18120     46802     51088    919934   1039890     89569    110919      4316      4811     14710     17457
2I 783 60    2230503   1037128   1193375    924645   1053962     93089    116976      4493      4966     14901     17471     43248     47709    883885   1009488     91323    114729      4243      4660     14429     16789
2I 783 61    2245161   1047512   1197649    946043   1070937     83632    106157      4128      4453     13709     16102     41335     45691    906863   1028018     82122    104134      3907      4224     13285     15582
2I 783 62    2128916    991341   1137575    894842   1015678     79437    102435      3926      4271     13136     15191     36674     42386    860130    975934     78095    100566      3706      4032     12736     14657
2I 783 63    2040799    949062   1091737    860065    977482     73429     96096      3622      3966     11946     14193     35241     40403    826729    939617     72121     94311      3433      3767     11538     13639
2I 783 64    2009583    922266   1087317    834091    973810     73447     95813      3378      3904     11350     13790     30837     37327    805007    938893     72203     94073      3217      3721     11002     13303
2I 783 65    1990231    907341   1082890    819145    968195     74509     97830      3102      3638     10585     13227     29239     35745    791644    934825     73263     96111      2941      3452     10254     12757
2I 783 66    1879733    846701   1033032    765986    926767     68020     90608      2772      3361      9923     12296     25869     32821    741784    896141     66864     89035      2606      3185      9578     11850
2I 783 67    1813691    809868   1003823    729214    896255     67944     92118      2833      3291      9877     12159     24398     31519    706373    866796     66861     90618      2676      3141      9560     11749
2I 783 68    1732946    763839    969107    691069    871097     60634     83938      2615      3327      9521     10745     23466     30999    669013    842038     59659     82564      2510      3165      9191     10341
2I 783 69    1710148    740038    970110    663958    865385     63644     90426      2594      3364      9842     10935     22876     31236    642589    836267     62658     88903      2487      3212      9428     10492
2I 783 70    1616223    695130    921093    624959    824783     58955     83757      2389      3005      8827      9548     21131     28963    605246    797635     58048     82428      2271      2868      8434      9199
2I 783 71    1544709    656880    887829    594677    801440     51769     74790      2254      2809      8180      8790     20139     27695    575868    775459     50971     73572      2130      2666      7772      8437
2I 783 72    1455774    611638    844136    553748    761862     48246     71601      2161      2605      7483      8068     19230     26699    535877    736634     47475     70557      2017      2486      7039      7760
2I 783 73    1360692    562947    797745    511532    722327     42602     65530      1780      2491      7033      7397     17643     24275    494969    699440     41984     64521      1692      2383      6659      7126
2I 783 74    1309289    531733    777556    480255    703461     42896     64777      1698      2468      6884      6850     16433     22729    464900    682095     42295     63780      1627      2352      6478      6600
2I 783 75    1219737    488639    731098    441128    662583     39582     60055      1593      2218      6336      6242     15426     20869    426713    642819     39010     59270      1510      2123      5980      6017
2I 783 76    1128408    442350    686058    399299    623108     35918     55317      1505      2061      5628      5572     14010     19464    386237    604656     35370     54569      1425      1984      5308      5385
2I 783 77    1047820    401778    646042    362285    586893     32950     52053      1397      1958      5146      5138     13250     18405    349879    569458     32441     51332      1340      1880      4868      4967
2I 783 78     960419    361371    599048    326475    545775     29098     46792      1253      1721      4545      4760     12131     17134    315126    529467     28646     46208      1186      1649      4282      4590
2I 783 79     880784    324947    555837    292756    505531     27086     44474      1121      1572      3984      4260     11104     15445    282356    490842     26658     43926      1057      1500      3772      4124
2I 783 80     782522    280870    501652    253137    457270     23491     39251       962      1358      3280      3773      9682     13318    244091    444669     23086     38718       914      1298      3097      3649
2I 783 81     699217    244519    454698    223933    420447     17069     29912       778      1154      2739      3185      8142     11523    216262    409425     16802     29545       739      1116      2574      3089
2I 783 82     622642    214984    407658    197009    376858     15101     27027       636      1019      2238      2754      7950     11871    189510    365533     14827     26611       596       975      2101      2668
2I 783 83     570844    192055    378789    176184    350516     13388     24932       548       846      1935      2495      6431      9449    170102    341478     13164     24625       523       810      1835      2427
2I 783 84     516409    169425    346984    154378    319890     12854     23832       518       832      1675      2430      4947      7424    149748    312816     12642     23560       492       792      1596      2392
2I 783 85     446063    142392    303671    129004    280308     11278     20615       491       724      1619      2024      3895      6088    125368    274536     11094     20356       475       694      1560      1997
2I 783 86     384373    118882    265491    107982    245803      9151     17378       427       611      1322      1699      3314      5323    104969    240744      8931     17168       404       583      1264      1673
2I 783 87     327891     98062    229829     88987    212915      7710     15014       350       534      1015      1366      2860      4766     86410    208359      7515     14848       326       507       951      1349
2I 783 88     280122     82960    197162     75175    182463      6838     13119       299       493       648      1087      2627      4050     72813    178601      6636     12970       287       470       597      1071
2I 783 89     246503     71351    175152     64110    160701      6555     13035       259       464       427       952      2224      3491     62123    157392      6377     12896       236       436       391       937
2I 783 90     195580     54812    140768     49868    129925      4448      9802       202       344       294       697      1678      2806     48335    127262      4331      9687       186       328       282       685
2I 783 91     157456     42758    114698     39171    106159      3162      7643       140       275       285       621      1282      2322     37979    103957      3095      7559       131       257       271       603
2I 783 92     126867     34051     92816     31175     85661      2498      6342       116       225       262       588       986      1871     30233     83878      2469      6277       108       213       255       577
2I 783 93     100058     26462     73596     24082     67799      2018      5132        96       166       266       499       757      1507     23362     66369      2002      5080        91       158       250       482
2I 783 94      76093     19561     56532     17684     51883      1566      4086        83       144       228       419       568      1151     17150     50789      1544      4049        78       137       221       406
2I 783 95      55031     13590     41441     12187     38007      1109      2995        81       108       213       331       394       854     11815     37203      1098      2959        79       101       204       324
2I 783 96      40157      9721     30436      8649     27832       879      2293        45        82       148       229       281       624      8384     27244       871      2269        43        77       142       222
2I 783 97      28743      6795     21948      5944     19933       707      1804        37        53       107       158       191       446      5765     19517       703      1780        34        50       102       155
2I 783 98      19759      4586     15173      3986     13743       535      1277        23        43        42       110       132       314      3865     13459       530      1254        21        40        38       106
2I 783 99      13839      3180     10659      2698      9623       455       996         3         7        24        33       107       250      2605      9401       447       975         1         3        20        30
2I 783100      19900      3164     16736      2051     14395       976      2246        38        34        99        61       245       490      1851     13961       944      2204        35        30        89        51
2I1083999  234906976 114413604 120493372  97838727 102355070  13326053  14764860    799352    814964   2449472   2558478   8626864   8510541  89756814  94402491  12969574  14396773    731516    749106   2328836   2434461
2I1083  0    3619224   1852808   1766416   1515129   1435387    270394    265976     19142     18707     48143     46346    194725    185693   1332851   1261744    262230    258060     17608     17218     45394     43701
2I1083  1    3537686   1810498   1727188   1481236   1405164    263259    258351     18299     17594     47704     46079    191026    182191   1302109   1234516    255457    250717     16857     16208     45049     43556
2I1083  2    3500305   1789443   1710862   1462512   1390078    262976    257793     17289     16905     46666     46086    185871    177671   1288005   1223422    255475    250550     15948     15576     44144     43643
2I1083  3    3499113   1788792   1710321   1459001   1386171    266396    261609     18110     18025     45285     44516    192480    185651   1278510   1212234    258556    254011     16481     16406     42765     42019
2I1083  4    3442646   1758908   1683738   1429922   1360930    267159    262488     17506     16489     44321     43831    188206    181352   1254099   1191535    259174    254769     15609     14672     41820     41410
2I1083  5    3301298   1688999   1612299   1376428   1305133    255067    250794     15966     15348     41538     41024    178500    171183   1209584   1145154    247583    243550     14178     13658     39154     38754
2I1083  6    3314716   1696815   1617901   1387566   1315246    253958    249005     15246     14672     40045     38978    181717    175136   1217401   1151142    246488    241803     13484     13016     37725     36804
2I1083  7    3183049   1628244   1554805   1330966   1264163    242382    237631     15224     14510     39672     38501    179738    173459   1162408   1101361    235091    230769     13553     12874     37454     36342
2I1083  8    3106550   1592944   1513606   1303072   1230832    236076    231211     14729     14319     39067     37244    170721    163869   1142998   1076782    229142    224966     13181     12810     36902     35179
2I1083  9    3204765   1641729   1563036   1336304   1265227    246723    241662     15835     15521     42867     40626    172208    166379   1175089   1109163    239783    235140     14200     13985     40449     38369
2I1083 10    3291395   1684992   1606403   1367585   1296152    258261    253223     16278     15829     42868     41199    167239    159774   1210891   1146585    251598    246719     14800     14403     40464     38922
2I1083 11    3379144   1727623   1651521   1406090   1337177    262251    257076     16482     16099     42800     41169    167382    160534   1249172   1186638    255692    250803     14997     14658     40380     38888
2I1083 12    3694009   1888094   1805915   1545053   1469653    280906    276491     17471     17002     44664     42769    169850    164585   1385804   1315364    274270    270015     15941     15524     42229     40427
2I1083 13    3738216   1913259   1824957   1580492   1501796    271861    265534     17834     17411     43072     40216    170429    165327   1420856   1346851    265059    258976     16267     15898     40648     37905
2I1083 14    3670485   1875372   1795113   1543109   1469837    271527    268072     17224     16738     43512     40466    162585    158071   1390811   1321962    264973    261508     15725     15280     41278     38292
2I1083 15    3606087   1842129   1763958   1518285   1445489    266135    264070     16966     16237     40743     38162    160403    155028   1368067   1300755    259462    257297     15561     14829     38636     36049
2I1083 16    3667860   1874207   1793653   1541307   1470018    276043    270872     16560     16070     40297     36693    162428    156349   1389511   1324108    268964    263884     15140     14703     38164     34609
2I1083 17    3757492   1924538   1832954   1579253   1499339    286799    280320     17283     16445     41203     36850    171347    161374   1419290   1348752    279174    273024     15799     15078     38928     34726
2I1083 18    3919165   1993941   1925224   1643944   1580108    289948    290306     18038     16978     42011     37832    176567    164761   1479180   1426760    281920    282514     16551     15575     39723     35614
2I1083 19    4329605   2200633   2128972   1824427   1757882    308908    310480     19769     18637     47529     41973    195178    180170   1642590   1590210    299876    301949     18077     17126     44912     39517
2I1083 20    4372235   2223315   2148920   1853884   1782072    302123    306120     19562     18040     47746     42688    204537    183541   1663000   1611167    292970    297666     17830     16478     44978     40068
2I1083 21    4346405   2207049   2139356   1850555   1781532    290602    297521     18410     17124     47482     43179    209272    182744   1655124   1611356    281383    289137     16623     15593     44647     40526
2I1083 22    4378182   2219230   2158952   1874051   1803456    281130    295122     17318     16802     46731     43572    210314    181906   1677547   1634261    271927    286623     15555     15243     43887     40919
2I1083 23    4332348   2185163   2147185   1852816   1794271    270501    290851     16700     16392     45146     45671    213202    184477   1653318   1622612    261381    282313     15009     14894     42253     42889
2I1083 24    4415904   2228442   2187462   1889698   1826159    275235    296621     16008     15953     47501     48729    211690    182275   1691814   1656689    265930    287995     14391     14591     44617     45912
2I1083 25    4377970   2205950   2172020   1877547   1818042    265921    287986     14937     14914     47545     51078    205791    180305   1684916   1650431    257184    279603     13347     13497     44712     48184
2I1083 26    4380413   2201263   2179150   1873490   1822791    264770    288406     14118     14280     48885     53673    198316    177422   1687817   1657753    256354    280300     12595     12831     46181     50844
2I1083 27    4295683   2153992   2141691   1831126   1787015    258416    284463     14605     15364     49845     54849    188789    172304   1654637   1626741    250182    276586     13108     13950     47276     52110
2I1083 28    4012019   2009848   2002171   1714516   1675284    234095    259757     13015     13493     48222     53637    171790    159257   1553681   1526731    226880    252906     11723     12260     45774     51017
2I1083 29    4255967   2130899   2125068   1814242   1776534    248524    275894     12948     12933     55185     59707    175335    164243   1649977   1623471    241356    268777     11679     11781     52552     56796
2I1083 30    4100262   2046147   2054115   1746598   1721084    231563    260161     13545     13918     54441     58952    160256    154642   1596383   1577406    225256    253399     12279     12627     51973     56041
2I1083 31    3927125   1954566   1972559   1677796   1658291    210917    243188     13394     13699     52459     57381    147337    144484   1539854   1523649    205114    237090     12125     12544     50136     54792
2I1083 32    3839062   1907759   1931303   1632852   1617703    210013    243251     13627     14249     51267     56100    141375    138573   1500497   1488514    204288    237394     12492     13133     49107     53689
2I1083 33    3637340   1802203   1835137   1542723   1538734    196873    226883     12798     13791     49809     55729    135618    134287   1415522   1413523    191575    221313     11783     12756     47705     53258
2I1083 34    3758383   1868293   1890090   1606606   1591229    202041    232139     11259     11981     48387     54741    131637    131247   1483060   1468797    196785    226542     10389     11099     46422     52405
2I1083 35    3670667   1817763   1852904   1572388   1569689    188748    218615     11509     12567     45118     52033    122928    124807   1457021   1453248    183947    213363     10607     11653     43260     49833
2I1083 36    3894286   1923512   1970774   1694902   1702088    174209    206623     10918     11858     43483     50205    116647    119814   1585247   1590034    169895    201860     10044     10982     41679     48084
2I1083 37    3046291   1503614   1542677   1311250   1317588    145349    172777     10031     10363     36984     41949    106092    109995   1211817   1214970    141251    168151      9194      9561     35260     40000
2I1083 38    2763972   1358909   1405063   1183350   1198063    131146    157818      9188      9674     35225     39508     95388     98036   1093750   1106531    127582    153756      8474      8968     33715     37772
2I1083 39    2964080   1462484   1501596   1270875   1281936    145106    169779      9702     10231     36801     39650     97878    101785   1179167   1187168    141213    165304      8995      9506     35231     37833
2I1083 40    3151447   1550303   1601144   1360401   1380831    144599    171342      9568     10011     35735     38960     91327     97372   1274706   1290184    141078    166968      8876      9323     34316     37297
2I1083 41    2747596   1352272   1395324   1182051   1197893    129738    153601      8645      9152     31838     34678     83963     88618   1103207   1115233    126479    149733      8052      8540     30571     33200
2I1083 42    2562577   1258934   1303643   1095226   1113628    125051    149197      8289      8489     30368     32329     80021     83119   1020301   1036172    121742    145513      7716      7912     29154     30927
2I1083 43    2438847   1194343   1244504   1036504   1060656    120394    144261      8216      8596     29229     30991     80670     83704    960990    982659    116989    140444      7667      8043     28027     29654
2I1083 44    2422415   1188922   1233493   1030869   1052072    122839    144941      7479      8057     27735     28423     77468     80761    958454    977005    119457    141069      7011      7530     26532     27128
2I1083 45    2375772   1163541   1212231   1008771   1034212    120107    142923      7277      7427     27386     27669     72736     77103    940746    962468    117055    139222      6809      6946     26195     26492
2I1083 46    2285037   1115937   1169100    974065   1000080    109971    136202      6799      7137     25102     25681     70043     74055    908386    930837    107099    132905      6368      6694     24041     24609
2I1083 47    2259075   1100425   1158650    957270    990861    111629    135381      6778      7150     24748     25258     68899     73734    892889    922013    108575    131993      6364      6718     23698     24192
2I1083 48    2168189   1059098   1109091    933382    960448     98032    119336      6108      6346     21576     22961     65191     68788    871956    895843     95496    116406      5740      5959     20715     22095
2I1083 49    2225958   1087820   1138138    952377    980387    106852    126547      6456      6662     22135     24542     65500     69232    890825    915528    104132    123526      6064      6216     21299     23636
2I1083 50    2155804   1041930   1113874    910529    956774    104988    126563      5952      6590     20461     23947     59647     65518    854659    895544    102410    123550      5552      6175     19662     23087
2I1083 51    2144477   1036208   1108269    913569    958417     98045    121154      5545      6156     19049     22542     58466     62867    858486    899290     95692    118548      5212      5801     18352     21763
2I1083 52    2207472   1063153   1144319    939845    992804     99523    123179      5333      6052     18452     22284     59165     63082    884020    933489     97162    120492      5015      5703     17791     21553
2I1083 53    2271777   1099496   1172281    978153   1023233     98433    121439      5391      5914     17519     21695     61009     65825    920436    961330     96121    118665      5056      5551     16874     20910
2I1083 54    2317019   1115173   1201846    989809   1048028    102682    125855      5445      5885     17237     22078     59417     64905    933619    987174    100416    122998      5096      5511     16625     21258
2I1083 55    2295170   1094179   1200991    971329   1050517    101029    123558      5173      5723     16648     21193     55050     60637    919369    993750     98860    120817      4855      5384     16045     20403
2I1083 56    2297017   1089935   1207082    973876   1063247     95863    118321      4750      5302     15446     20212     52055     57924    924700   1008813     93850    115875      4460      4980     14870     19490
2I1083 57    2302976   1085717   1217259    967194   1071704     98300    120674      4796      5107     15427     19774     50508     57026    919538   1018257     96311    118183      4514      4780     14846     19013
2I1083 58    2232059   1048232   1183827    939776   1050877     89180    109835      4557      4922     14719     18193     46970     53247    895438   1000854     87395    107632      4265      4616     14164     17478
2I1083 59    2307232   1079087   1228145    967828   1091280     91362    113261      4616      5176     15281     18428     47098     52198    923346   1042306     89569    111003      4320      4882     14754     17756
2I1083 60    2242698   1042757   1199941    929995   1060006     93088    117088      4507      5029     15167     17818     43994     48185    888522   1015130     91314    114782      4249      4720     14678     17124
2I1083 61    2217452   1033367   1184085    931368   1056521     83836    106535      4196      4530     13967     16499     41545     46044    892040   1013347     82281    104486      3969      4277     13532     15931
2I1083 62    2151200   1001217   1149983    903855   1026916     79954    103165      3991      4322     13417     15580     37648     43050    868214    986532     78576    101259      3770      4088     13009     15054
2I1083 63    2062426    960123   1102303    870412    986990     73804     96683      3657      4035     12250     14595     35481     40923    836853    948663     72494     94873      3456      3823     11839     14021
2I1083 64    2020352    927999   1092353    838991    977624     73876     96518      3466      3989     11666     14222     32239     38593    808583    941545     72580     94711      3297      3801     11300     13703
2I1083 65    1981846    903002   1078844    814307    963463     74689     98216      3156      3683     10850     13482     29059     35714    786982    930149     73456     96479      2998      3496     10507     13006
2I1083 66    1897965    856709   1041256    775760    934639     68136     90706      2792      3390     10021     12521     26737     33562    750712    903305     66952     89116      2626      3210      9682     12063
2I1083 67    1823495    813806   1009689    732889    901963     67947     92066      2834      3314     10136     12346     24359     31685    710138    872394     66853     90530      2667      3157      9789     11923
2I1083 68    1731933    764274    967659    691131    869121     60952     84170      2658      3288      9533     11080     23430     30894    669107    840171     59970     82800      2540      3126      9227     10668
2I1083 69    1714517    742149    972368    666142    867615     63535     90269      2594      3434      9878     11050     23015     31415    644660    838333     62501     88735      2494      3276      9479     10609
2I1083 70    1622022    697571    924451    627254    827657     58915     83962      2382      3036      9020      9796     21246     29193    607418    800322     58020     82609      2266      2895      8621      9432
2I1083 71    1552396    660320    892076    597841    805003     51935     75213      2277      2871      8267      8989     20328     28061    578862    778681     51117     73979      2153      2726      7860      8629
2I1083 72    1462751    614660    848091    556498    765185     48384     72060      2165      2635      7613      8211     19176     26693    538676    740033     47610     70961      2025      2506      7173      7898
2I1083 73    1369125    566839    802286    515151    726200     42750     66006      1855      2518      7083      7562     17987     24948    498320    702625     42085     65018      1749      2411      6698      7284
2I1083 74    1317635    535361    782274    483761    707598     42918     65124      1695      2506      6987      7046     16581     23060    468258    685959     42324     64077      1626      2387      6572      6791
2I1083 75    1228243    492267    735976    444499    666773     39779     60579      1599      2255      6390      6369     15501     21156    430019    646766     39200     59762      1514      2155      6033      6137
2I1083 76    1135942    445486    690456    402228    627036     36042     55650      1513      2092      5703      5678     14150     19647    389023    608403     35485     54918      1435      2009      5393      5479
2I1083 77    1055933    405062    650871    365248    591229     33140     52433      1415      1985      5259      5224     13296     18598    352833    573629     32624     51683      1353      1907      4956      5054
2I1083 78     967902    364381    603521    329322    549926     29193     47021      1249      1758      4617      4816     12257     17279    317844    533498     28727     46417      1191      1689      4362      4638
2I1083 79     888637    327860    560777    295321    509877     27313     44960      1136      1606      4090      4334     11218     15812    284829    494846     26890     44400      1064      1527      3859      4192
2I1083 80     788806    283134    505672    255199    460919     23625     39564       978      1377      3332      3812      9782     13589    246063    448052     23214     39033       929      1316      3146      3682
2I1083 81     705080    246592    458488    225796    423793     17253     30300       785      1168      2758      3227      8299     11742    217970    412588     16974     29906       745      1126      2604      3126
2I1083 82     628490    217029    411461    198785    380182     15301     27441       649      1033      2294      2805      7785     11503    191450    369199     15037     27052       608       994      2149      2713
2I1083 83     575259    193422    381837    177448    353205     13464     25233       546       885      1964      2514      6883     10290    170949    343374     13218     24892       518       842      1854      2439
2I1083 84     520661    170704    349957    155587    322563     12883     24119       530       834      1704      2441      5088      7631    150819    315283     12665     23844       503       798      1629      2401
2I1083 85     450217    143753    306464    130231    282808     11384     20869       491       730      1647      2057      3995      6219    126508    276899     11193     20617       480       701      1577      2028
2I1083 86     387921    120044    267877    109048    247975      9227     17558       428       629      1341      1715      3330      5326    105999    242922      9024     17339       404       596      1287      1694
2I1083 87     330607     98698    231909     89566    214772      7729     15184       351       544      1052      1409      2862      4800     86992    210205      7522     15005       333       512       989      1387
2I1083 88     280398     82541    197857     74797    183242      6733     13024       301       492       710      1099      2618      4140     72444    179295      6534     12876       287       460       658      1086
2I1083 89     248403     71611    176792     64231    162180      6683     13196       268       470       429       946      2249      3505     62227    158851      6502     13057       247       449       386       930
2I1083 90     197410     55216    142194     50154    131199      4549      9939       209       349       304       707      1708      2841     48602    128503      4426      9824       190       332       290       694
2I1083 91     159035     42996    116039     39403    107393      3186      7746       139       278       268       622      1291      2349     38201    105166      3116      7658       130       261       258       605
2I1083 92     128782     34486     94296     31566     87025      2540      6478       115       228       265       565      1004      1905     30612     85206      2507      6416       106       215       257       554
2I1083 93     102115     26987     75128     24588     69182      2054      5251        95       177       250       518       772      1529     23853     67733      2037      5197        90       167       235       502
2I1083 94      77798     19956     57842     18053     53076      1597      4178        80       147       226       441       576      1186     17509     51946      1578      4142        74       141       219       427
2I1083 95      56076     13775     42301     12367     38806      1111      3044        80       108       217       343       403       870     11987     37988      1098      3008        78        99       209       336
2I1083 96      41124      9968     31156      8857     28506       894      2330        53        81       164       239       284       642      8590     27904       885      2303        51        76       158       231
2I1083 97      29563      6994     22569      6116     20487       728      1852        40        57       110       173       198       456      5931     20059       725      1831        36        54       104       169
2I1083 98      20339      4715     15624      4106     14165       537      1305        20        46        52       108       135       325      3981     13871       532      1281        19        43        48       104
2I1083 99      14408      3331     11077      2849     10017       462      1022         3         8        17        30       112       254      2752      9790       454      1003         0         3        13        27
2I1083100      20694      3368     17326      2237     14941       999      2294        38        31        94        60       248       511      2036     14487       966      2250        35        27        83        51
2I 184999  235385160 114653590 120731570  97992982 102500724  13365104  14809467    806830    822564   2488674   2598815   8717192   8590266  89833189  94480116  13001076  14434408    737205    755086   2364928   2471694
2I 184  0    3602483   1844016   1758467   1507640   1428036    268732    265056     19204     18755     48440     46620    194108    185185   1326140   1255081    260487    257042     17634     17230     45647     43929
2I 184  1    3543278   1812811   1730467   1482157   1407943    263598    257842     18718     17967     48338     46715    192827    184150   1301541   1235606    255598    250047     17228     16536     45617     44128
2I 184  2    3498942   1789279   1709663   1460599   1387198    264019    259069     17303     16914     47358     46482    187801    179458   1284539   1219118    256270    251578     15908     15534     44761     43975
2I 184  3    3510802   1795194   1715608   1464924   1390921    265975    261016     18332     18466     45963     45205    191344    184011   1285424   1218494    258231    253503     16810     16952     43385     42648
2I 184  4    3478369   1778166   1700203   1445415   1374023    269445    264357     17763     16680     45543     45143    192056    185735   1266104   1200639    261228    256398     15806     14792     42972     42639
2I 184  5    3318211   1696011   1622200   1378875   1310784    257864    253498     16344     15550     42928     42368    178996    171336   1211757   1150877    250246    246122     14517     13818     40495     40047
2I 184  6    3324062   1700899   1623163   1391719   1319678    253700    249353     15336     14923     40144     39209    183143    176572   1220413   1154407    246087    242030     13506     13196     37750     36958
2I 184  7    3213847   1645172   1568675   1344656   1274868    244719    240375     15432     14558     40365     38874    181716    175412   1174466   1110482    237246    233218     13691     12893     38053     36670
2I 184  8    3084156   1580889   1503267   1290640   1219984    236509    231028     14777     14425     38963     37830    172173    165334   1129303   1064761    229446    224668     13170     12813     36797     35691
2I 184  9    3235300   1657707   1577593   1351230   1279035    247169    242152     15924     15524     43384     40882    175630    169275   1186939   1120226    239988    235510     14246     13969     40904     38613
2I 184 10    3253225   1666519   1586706   1352505   1280374    254606    249233     16187     15776     43221     41323    166760    159918   1196372   1130733    247896    242711     14701     14336     40790     39008
2I 184 11    3327006   1701504   1625502   1382599   1312828    259475    254850     16533     16164     42897     41660    168171    160799   1225098   1162244    252776    248428     15028     14701     40431     39330
2I 184 12    3605421   1842962   1762459   1504890   1431929    275658    270655     17384     16899     45030     42976    168622    163419   1346866   1278818    269090    264220     15836     15400     42548     40602
2I 184 13    3784385   1935868   1848517   1595418   1517718    278338    272047     18060     17600     44052     41152    172845    167453   1433662   1360895    271342    265334     16468     16070     41551     38765
2I 184 14    3677546   1880136   1797410   1545019   1469524    273208    269637     17425     16956     44484     41293    165185    160434   1390416   1319506    266546    262992     15850     15439     42139     39039
2I 184 15    3634201   1858518   1775683   1532810   1457938    266719    262465     17135     16466     41854     38814    162067    156672   1381096   1311729    259959    255638     15697     15008     39699     36636
2I 184 16    3637120   1858332   1778788   1527039   1455694    273856    269650     16634     15930     40803     37514    163332    156494   1374426   1309728    266752    262614     15193     14552     38629     35400
2I 184 17    3741221   1915299   1825922   1573390   1494707    283345    277562     17156     16528     41408     37125    171755    161941   1413198   1343690    275610    270204     15644     15133     39092     34954
2I 184 18    3851063   1961792   1889271   1613980   1547432    287657    287147     17814     16619     42341     38073    176508    164073   1449422   1394852    279606    279308     16293     15219     39963     35819
2I 184 19    4313285   2189403   2123882   1811987   1750105    309651    312343     19822     18712     47943     42722    196248    181134   1629274   1581717    300449    303685     18125     17164     45307     40182
2I 184 20    4350405   2214710   2135695   1845274   1770024    301526    304702     19579     18120     48331     42849    205023    183567   1654288   1599331    292128    296030     17798     16559     45473     40208
2I 184 21    4331710   2200065   2131645   1842164   1773099    290898    297451     18819     17330     48184     43765    212035    185844   1644249   1600114    281528    288932     16987     15742     45266     41013
2I 184 22    4364508   2213951   2150557   1867200   1794789    281679    294806     17473     16863     47599     44099    212597    182804   1668819   1624898    272240    286170     15647     15292     44648     41393
2I 184 23    4340859   2191482   2149377   1858191   1795750    270697    291070     16776     16578     45818     45979    215817    186548   1656340   1622371    261382    282340     15050     14993     42893     43125
2I 184 24    4411023   2226174   2184849   1887629   1823442    274434    296055     16303     16097     47808     49255    216387    185385   1685568   1651208    264864    287219     14595     14695     44760     46342
2I 184 25    4377354   2205781   2171573   1874167   1814862    268089    289846     15133     15299     48392     51566    208129    181389   1679561   1646376    259022    281307     13550     13876     45519     48625
2I 184 26    4393480   2208265   2185215   1879448   1827484    265316    289228     14195     14252     49306     54251    202218    179906   1690231   1660326    256749    280881     12593     12767     46474     51335
2I 184 27    4330652   2173738   2156914   1846963   1799733    261353    286461     14507     15100     50915     55620    192065    174458   1667559   1637619    252851    278386     13003     13667     48260     52784
2I 184 28    4020077   2012140   2007937   1715219   1678865    235231    261117     13609     14333     48081     53622    174360    161503   1552131   1528428    227802    254024     12230     13005     45617     50977
2I 184 29    4299805   2154308   2145497   1832166   1791345    252816    280334     12966     12901     56360     60917    179798    167374   1664003   1635340    245253    273071     11651     11745     53603     57967
2I 184 30    4120222   2058072   2062150   1755376   1725938    233933    262461     13492     13826     55271     59925    162272    156174   1603349   1580988    227465    255530     12206     12512     52780     56946
2I 184 31    3956420   1968114   1988306   1687801   1670182    212937    245594     13561     13902     53815     58628    150686    147412   1546815   1533003    206972    239308     12252     12679     51389     55904
2I 184 32    3877622   1928020   1949602   1651569   1635831    210822    243286     13583     14090     52046     56395    142647    139913   1518187   1505462    204979    237299     12414     12972     49793     53956
2I 184 33    3646124   1807082   1839042   1545140   1539061    198481    229351     13223     14297     50238     56333    137273    135421   1416542   1412965    193011    223658     12144     13191     48112     53807
2I 184 34    3763999   1871736   1892263   1606871   1589633    203854    234560     11426     12140     49585     55930    134487    133738   1480716   1464912    198434    228830     10534     11237     47565     53546
2I 184 35    3681413   1823588   1857825   1573350   1570366    192206    221760     11674     12739     46358     52960    123947    125571   1457203   1453414    187256    216354     10743     11790     44439     50696
2I 184 36    3769670   1860586   1909084   1633833   1642202    172271    204485     11080     12102     43402     50295    118302    121243   1522712   1528862    167797    199582     10191     11222     41584     48175
2I 184 37    3383175   1671906   1711269   1464915   1469830    157041    185671     10359     10836     39591     44932    110114    113984   1361715   1363518    152795    180921      9491      9980     37791     42866
2I 184 38    2734885   1344285   1390600   1169050   1184002    130327    156820      9169      9498     35739     40280     95770     98884   1079195   1091778    126702    152651      8423      8783     34195     38504
2I 184 39    2973060   1467193   1505867   1272540   1281683    146888    172582      9881     10458     37884     41144     99988    102986   1178952   1185833    142878    168063      9135      9706     36240     39279
2I 184 40    3080985   1515039   1565946   1324788   1345092    144283    171073      9697     10144     36271     39637     92080     98243   1238511   1253778    140625    166597      8989      9423     34834     37905
2I 184 41    2867120   1411968   1455152   1239672   1255670    130900    154682      8843      9370     32553     35430     85938     90958   1158972   1170819    127618    150697      8215      8742     31225     33936
2I 184 42    2602222   1278293   1323929   1111429   1130567    127412    151529      8414      8698     31038     33135     80549     83929   1036064   1052482    124031    147748      7833      8093     29816     31677
2I 184 43    2457349   1203402   1253947   1044722   1068548    120405    144887      8374      8623     29901     31889     80930     84027    968975    990284    117039    141047      7791      8066     28667     30523
2I 184 44    2415117   1185774   1229343   1026764   1047215    123399    145114      7548      8218     28063     28796     78894     81807    953045    971190    119902    141204      7075      7671     26858     27471
2I 184 45    2397846   1174396   1223450   1018452   1044113    120630    143601      7359      7509     27955     28227     73253     77744    950040    971896    117503    139796      6879      7007     26721     27007
2I 184 46    2308593   1127960   1180633    983714   1009109    111668    137935      6931      7269     25647     26320     71311     75172    916860    938917    108764    134510      6482      6815     24543     25219
2I 184 47    2249986   1096385   1153601    953513    986415    110849    134489      6897      7201     25126     25496     69155     73893    889006    917422    107706    131129      6470      6751     24048     24406
2I 184 48    2167317   1057948   1109369    931583    960290     98196    119413      6101      6459     22068     23207     65013     68931    870433    895689     95618    116373      5723      6073     21161     22303
2I 184 49    2264983   1107100   1157883    970611    998301    107290    127961      6602      6736     22597     24885     67490     71019    907185    931715    104487    124911      6201      6275     21737     23963
2I 184 50    2143235   1037062   1106173    905100    949709    104948    125676      6015      6598     20999     24190     59889     65489    849014    888598    102366    122607      5604      6173     20189     23306
2I 184 51    2127520   1028502   1099018    905622    949332     97974    120620      5635      6271     19271     22795     58499     63541    850644    889685     95538    117921      5280      5893     18541     21978
2I 184 52    2188232   1054118   1134114    930746    982611     99311    122900      5361      6059     18700     22544     58717     62303    875365    924015     96949    120262      5040      5717     18047     21817
2I 184 53    2265433   1094035   1171398    972433   1021778     98460    121610      5363      5987     17779     22023     60988     65940    914812    959834     96092    118778      5033      5614     17110     21232
2I 184 54    2311520   1114972   1196548    989435   1042817    102496    125489      5525      5932     17516     22310     60262     65599    932479    981286    100182    122640      5160      5552     16889     21471
2I 184 55    2276691   1085343   1191348    962263   1040459    101000    123503      5207      5794     16873     21592     55473     61341    909940    983124     98795    120663      4881      5442     16254     20778
2I 184 56    2308496   1097642   1210854    981257   1066564     95890    118457      4804      5350     15691     20483     53096     58562    931107   1011545     93831    115978      4504      5023     15104     19746
2I 184 57    2300784   1084789   1215995    965960   1069922     98444    120820      4813      5197     15572     20056     50672     57564    918205   1016012     96404    118260      4522      4866     14986     19293
2I 184 58    2209358   1037430   1171928    929067   1038753     88977    109742      4584      4845     14802     18588     47200     53377    884518    988688     87183    107501      4298      4525     14231     17837
2I 184 59    2314849   1082823   1232026    971462   1094733     91336    113322      4640      5246     15385     18725     47413     53347    926756   1044644     89492    111051      4326      4943     14836     18041
2I 184 60    2254411   1048147   1206264    935156   1065872     93068    117151      4522      5075     15401     18166     44712     48713    893013   1020501     91263    114816      4255      4767     14904     17467
2I 184 61    2189095   1018905   1170190    916432   1041815     83992    106950      4252      4596     14229     16829     41705     46329    877005    998460     82405    104874      4014      4320     13776     16207
2I 184 62    2173137   1010948   1162189    912776   1037993     80348    103836      4068      4400     13756     15960     38636     43750    876203    996952     78937    101881      3843      4171     13329     15435
2I 184 63    2083940    971168   1112772    880715    996465     74229     97301      3686      4075     12538     14931     35639     41313    846993    957765     72931     95486      3477      3853     12128     14355
2I 184 64    2030341    933283   1097058    843490    981062     74247     97266      3552      4064     11994     14666     33693     39851    811722    943841     72892     95389      3371      3868     11605     14109
2I 184 65    1972706    898131   1074575    809027    958562     74811     98565      3220      3735     11073     13713     28955     35743    781819    925258     73563     96794      3064      3547     10730     13233
2I 184 66    1915286    866138   1049148    785006    942264     68162     90779      2820      3435     10150     12670     27580     34362    759113    910145     66976     89181      2655      3253      9814     12207
2I 184 67    1832429    817174   1015255    736122    907385     67922     91986      2837      3345     10293     12539     24425     31964    713360    877607     66795     90412      2662      3179      9932     12093
2I 184 68    1730356    764341    966015    690850    866936     61191     84432      2706      3232      9594     11415     23382     30688    668872    838163     60210     83077      2572      3073      9305     11014
2I 184 69    1718140    743719    974421    667770    869662     63416     90133      2605      3495      9928     11131     23078     31585    646257    840248     62337     88577      2511      3332      9536     10679
2I 184 70    1626837    699541    927296    629088    829998     58835     84147      2377      3064      9241     10087     21400     29360    609108    802529     57946     82774      2259      2917      8828      9716
2I 184 71    1558810    662952    895858    600293    808118     52009     75573      2303      2941      8347      9226     20478     28475    581158    781410     51177     74319      2179      2795      7960      8859
2I 184 72    1468649    617082    851567    558670    767987     48452     72515      2163      2677      7797      8388     19094     26635    540906    742969     47690     71362      2031      2539      7361      8062
2I 184 73    1376026    569893    806133    517950    729458     42890     66404      1934      2528      7119      7743     18294     25525    500883    705283     42184     65443      1811      2421      6721      7461
2I 184 74    1324941    538432    786509    486770    711280     42886     65460      1704      2551      7072      7218     16790     23451    471059    689307     42288     64371      1633      2430      6662      6950
2I 184 75    1235682    495321    740361    447332    670505     39926     61040      1610      2295      6453      6521     15539     21435    432823    650258     39332     60192      1523      2193      6104      6283
2I 184 76    1142223    447984    694239    404532    630366     36124     55980      1524      2133      5804      5760     14274     19846    391208    611550     35558     55253      1447      2041      5497      5549
2I 184 77    1062723    407641    655082    367543    594956     33270     52785      1443      2005      5385      5336     13333     18787    355128    577183     32752     52014      1375      1930      5053      5168
2I 184 78     974258    366811    607447    331601    553546     29259     47253      1244      1796      4707      4852     12377     17393    319999    537038     28783     46621      1194      1725      4458      4670
2I 184 79     895123    330105    565018    297274    513586     27474     45361      1152      1633      4205      4438     11304     16154    286723    498232     27045     44796      1075      1551      3958      4285
2I 184 80     794187    285023    509164    256893    464067     23741     39859       993      1398      3396      3840      9851     13818    247683    450953     23332     39341       942      1338      3215      3714
2I 184 81     709539    248006    461533    227061    426411     17349     30631       799      1186      2797      3305      8518     12070    219036    414929     17053     30206       758      1141      2641      3187
2I 184 82     633114    218461    414653    200019    382948     15465     27846       657      1037      2320      2822      7572     11058    192878    372377     15212     27477       620      1000      2179      2741
2I 184 83     578741    194473    384268    178332    355252     13564     25552       552       914      2025      2550      7234     11020    171500    344745     13306     25173       521       871      1912      2459
2I 184 84     523621    171397    352224    156257    324531     12862     24357       536       844      1742      2492      5286      7915    151297    316961     12644     24089       507       812      1663      2447
2I 184 85     453431    144727    308704    131100    284797     11441     21103       504       738      1682      2066      4123      6377    127275    278739     11234     20845       492       704      1603      2039
2I 184 86     390322    120780    269542    109693    249429      9272     17732       443       647      1372      1734      3357      5361    106601    244347      9081     17508       417       614      1324      1712
2I 184 87     332661     99206    233455     89992    216141      7771     15328       359       552      1084      1434      2854      4790     87431    211588      7556     15138       346       524      1019      1415
2I 184 88     279664     81670    197994     74042    183466      6573     12922       302       488       753      1118      2584      4199     71715    179455      6382     12784       283       454       706      1102
2I 184 89     249607     71709    177898     64183    163130      6787     13339       285       474       454       955      2270      3533     62168    159775      6607     13197       260       453       404       940
2I 184 90     198279     55264    143015     50150    131925      4604     10022       206       361       304       707      1710      2856     48595    129215      4481      9909       192       341       286       694
2I 184 91     160006     43116    116890     39512    108183      3210      7822       136       274       258       611      1310      2373     38294    105937      3135      7728       128       257       249       595
2I 184 92     130060     34722     95338     31790     87936      2561      6593       115       229       256       580      1023      1939     30820     86084      2525      6532       107       218       247       565
2I 184 93     103519     27328     76191     24910     70131      2083      5361        94       182       241       517       781      1550     24167     68664      2069      5305        88       173       223       499
2I 184 94      79182     20283     58899     18349     54038      1616      4253        84       154       234       454       587      1218     17796     52880      1596      4214        77       147       227       440
2I 184 95      56963     13984     42979     12563     39436      1115      3083        80       103       226       357       407       889     12176     38599      1105      3047        78        94       218       350
2I 184 96      41746     10080     31666      8972     28978       892      2351        57        83       159       254       292       652      8697     28368       883      2323        55        77       153       246
2I 184 97      30251      7211     23040      6292     20921       744      1880        40        59       135       180       209       466      6098     20483       741      1860        34        56       129       175
2I 184 98      20837      4833     16004      4220     14515       546      1332        23        46        44       111       135       342      4093     14207       542      1306        23        42        40       107
2I 184 99      14961      3494     11467      2998     10378       474      1054         4         8        18        27       119       256      2895     10154       466      1027         0         5        14        25
2I 184100      21334      3453     17881      2306     15457      1013      2332        35        33        99        59       258       530      2100     14985       976      2288        32        28        87        50

