2I 484999  235839271 114884527 120954744  98137375 102632278  13403946  14852527    814032    829930   2529174   2640009   8810540   8671990  89897093  94541879  13032034  14470303    742568    760791   2402292   2509781
2I 484  0    3591415   1837851   1753564   1501207   1422855    268614    265178     19192     18783     48838     46748    194406    185581   1319682   1249746    260215    257028     17573     17209     45975     44000
2I 484  1    3547656   1815328   1732328   1483858   1408652    263835    258174     18827     18140     48808     47362    193477    184659   1302816   1236040    255708    250259     17298     16661     46029     44709
2I 484  2    3509698   1794651   1715047   1463898   1391149    264609    259317     17863     17350     48281     47231    189882    181599   1286120   1221235    256649    251641     16404     15915     45596     44657
2I 484  3    3522222   1800881   1721341   1469826   1396011    265826    260571     17640     17246     47589     47513    184497    176471   1296711   1230699    258353    253294     16292     15901     45028     44976
2I 484  4    3492922   1785190   1707732   1450350   1379182    270906    265910     18030     17575     45904     45065    196222    190548   1267252   1201369    262454    257726     16000     15610     43262     42479
2I 484  5    3352138   1714283   1637855   1392572   1322291    261321    256642     17102     16284     43288     42638    184583    176907   1220435   1157371    253339    248929     15174     14447     40752     40201
2I 484  6    3313786   1695255   1618531   1386689   1315847    252245    247671     15501     15135     40820     39878    184402    177710   1214391   1149710    244499    240206     13606     13353     38357     37552
2I 484  7    3259825   1668653   1591172   1362229   1291487    249553    245167     15594     14636     41277     39882    183520    177062   1190594   1125786    241892    237766     13781     12925     38866     37633
2I 484  8    3081542   1578779   1502763   1288845   1219214    235717    230761     14820     14508     39397     38280    173635    166858   1126259   1062776    228512    224241     13157     12816     37216     36072
2I 484  9    3246986   1664224   1582762   1357752   1284360    247149    241828     16029     15554     43294     41020    178607    171947   1190772   1123071    239763    235067     14296     13952     40786     38725
2I 484 10    3229733   1655577   1574156   1343153   1269989    252546    246639     16175     15766     43703     41762    167614    160904   1186333   1119450    245729    240069     14674     14317     41227     39416
2I 484 11    3293429   1684168   1609261   1365810   1298039    258132    252989     16470     16147     43756     42086    167969    160553   1208642   1147855    251348    246470     14954     14669     41255     39714
2I 484 12    3517657   1797797   1719860   1465490   1394138    269778    265346     17460     16952     45069     43424    168848    163430   1307360   1241138    263175    258871     15878     15421     42536     41000
2I 484 13    3806679   1946786   1859893   1598492   1520490    284607    278996     18132     17624     45555     42783    173894    168349   1435865   1362935    277508    272192     16521     16080     42998     40337
2I 484 14    3716710   1901631   1815079   1566331   1488484    272570    267768     17630     17186     45100     41641    167801    162812   1409416   1336321    265789    261008     15997     15624     42628     39314
2I 484 15    3651378   1866823   1784555   1538692   1463895    267677    263903     17366     16711     43088     40046    164210    158710   1385050   1315845    260826    257010     15869     15198     40868     37792
2I 484 16    3605377   1843740   1761637   1513650   1440170    271940    267483     16711     15890     41439     38094    164513    157071   1359966   1293704    264778    260411     15253     14494     39230     35957
2I 484 17    3732707   1910910   1821797   1571461   1492478    280562    275095     17057     16527     41830     37697    172312    162348   1410833   1341191    272750    267679     15525     15104     39490     35475
2I 484 18    3806839   1939162   1867677   1592513   1527793    286218    285103     17611     16381     42820     38400    176414    163763   1428201   1375617    278123    277206     16059     14970     40365     36121
2I 484 19    4254596   2159675   2094921   1784724   1723471    307068    309812     19770     18616     48113     43022    197021    181484   1601418   1554926    297737    301047     18058     17048     45441     40416
2I 484 20    4349184   2215039   2134145   1844114   1767109    302121    305342     19657     18225     49147     43469    205807    184035   1652699   1596182    292482    296477     17822     16653     46229     40798
2I 484 21    4313553   2193004   2120549   1833400   1761445    291399    297106     19112     17515     49093     44483    213984    188051   1633814   1586515    281882    288444     17249     15884     46075     41655
2I 484 22    4337625   2201152   2136473   1854729   1782127    280531    293194     17775     17001     48117     44151    215793    184938   1653567   1610358    270846    284402     15883     15406     45063     41369
2I 484 23    4356375   2200718   2155657   1864068   1799621    272841    292741     16813     16650     46996     46645    217775    187536   1660540   1625509    263328    283866     15051     15012     44024     43734
2I 484 24    4405340   2225208   2180132   1885838   1818678    274370    295374     16514     16251     48486     49829    220722    188376   1679875   1643800    264563    286338     14729     14792     45319     46826
2I 484 25    4396155   2214464   2181691   1880298   1821344    269605    292712     15391     15631     49170     52004    211565    183339   1682735   1651159    260187    283981     13774     14199     46203     49013
2I 484 26    4396088   2210624   2185464   1881500   1828394    265330    288349     14286     14347     49508     54374    205795    182052   1689065   1659450    256536    279769     12639     12828     46589     51365
2I 484 27    4336278   2178659   2157619   1851292   1800526    261502    286418     14483     14887     51382     55788    196000    176983   1668355   1636236    252733    278105     12944     13441     48627     52854
2I 484 28    4061759   2033104   2028655   1730853   1694218    239410    265226     13998     14878     48843     54333    177003    163886   1565477   1541755    231754    257896     12545     13469     46325     51649
2I 484 29    4318378   2165929   2152449   1840668   1794413    255319    283303     13170     13151     56772     61582    183981    170258   1668813   1635807    247398    275835     11799     11954     53938     58595
2I 484 30    4145685   2069055   2076630   1763482   1737387    236114    264712     13480     13760     55979     60771    165204    158478   1608844   1590382    229406    257618     12172     12432     53429     57720
2I 484 31    3964473   1973539   1990934   1690717   1672190    214236    245384     13589     13934     54997     59426    153354    149492   1547312   1533260    208129    238927     12247     12666     52497     56589
2I 484 32    3906523   1943861   1962662   1665672   1647829    211612    244048     13733     14151     52844     56634    145658    142894   1529615   1514784    205583    237862     12515     13004     50490     54118
2I 484 33    3681246   1823593   1857653   1559145   1553316    200263    232674     13464     14571     50721     57092    137982    135774   1430064   1427054    194668    226874     12323     13418     48556     54533
2I 484 34    3759497   1870133   1889364   1602312   1584309    205491    235833     11652     12359     50678     56863    137212    136009   1473679   1457531    199909    229964     10735     11426     48598     54434
2I 484 35    3676009   1821483   1854526   1569003   1564540    193698    223564     11853     12917     46929     53505    125937    127222   1451140   1446215    188549    217977     10887     11941     44970     51171
2I 484 36    3686467   1819922   1866545   1590010   1596393    174371    206331     11242     12372     44299     51449    119651    122349   1477774   1482125    169729    201302     10337     11479     42431     49290
2I 484 37    3690014   1822763   1867251   1602858   1610123    167461    198138     10567     11170     41877     47820    113880    117634   1496142   1500427    163034    193223      9680     10277     40027     45690
2I 484 38    2710133   1332388   1377745   1157790   1171961    129265    155396      9308      9583     36025     40805     96902    100376   1066966   1078453    125578    151136      8524      8833     34418     38947
2I 484 39    2975742   1469403   1506339   1272423   1279417    148058    173918      9997     10536     38925     42468    101693    103985   1177327   1182681    143943    169337      9216      9767     37224     40569
2I 484 40    3010469   1480677   1529792   1291321   1310819    143003    169014      9837     10302     36516     39657     93323     99359   1204031   1218568    139182    164442      9104      9551     35037     37872
2I 484 41    2956144   1455109   1501035   1280181   1298063    132571    156866      9000      9584     33357     36522     87407     92800   1198090   1211514    129274    152801      8351      8933     31987     34987
2I 484 42    2642097   1298567   1343530   1128870   1146731    129568    153859      8614      8958     31515     33982     81909     85566   1052322   1067252    126056    149919      8017      8325     30263     32468
2I 484 43    2487681   1218233   1269448   1057883   1082519    121106    145465      8464      8696     30780     32768     81016     84282    982093   1004057    117756    141602      7858      8129     29510     31378
2I 484 44    2438024   1197120   1240904   1036471   1056329    124445    146694      7604      8277     28600     29604     79780     82377    961914    979780    120906    142777      7119      7716     27401     28254
2I 484 45    2393079   1172634   1220445   1015845   1040483    120959    143718      7469      7647     28361     28597     74429     78854    946432    967347    117715    139786      6973      7127     27085     27331
2I 484 46    2338379   1142553   1195826    996570   1022432    112828    139199      7069      7399     26086     26796     72262     76189    928856    951393    109884    135656      6601      6929     24950     25659
2I 484 47    2258962   1101551   1157411    956737    988513    111818    135449      7017      7262     25979     26187     69730     74329    891764    919170    108612    132058      6577      6794     24868     25060
2I 484 48    2144948   1046061   1098887    918338    948358     98898    120419      6120      6548     22705     23562     64760     68918    857523    883870     96293    117310      5738      6156     21747     22633
2I 484 49    2305633   1127195   1178438    989598   1016920    107684    129417      6692      6825     23221     25276     69117     72599    924632    948850    104834    126305      6279      6357     22333     24327
2I 484 50    2130550   1032184   1098366    899609    942352    104997    124889      6143      6636     21435     24489     60605     65973    842906    880845    102340    121773      5723      6195     20610     23580
2I 484 51    2110329   1020760   1089569    897744    940005     97833    120115      5649      6294     19534     23155     58276     63621    843028    880353     95391    117372      5276      5901     18789     22322
2I 484 52    2168873   1045120   1123753    921535    972170     99100    122724      5495      6179     18990     22680     58757     62454    866218    913485     96673    120047      5160      5830     18312     21937
2I 484 53    2259700   1088986   1170714    967025   1020352     98589    121961      5307      6007     18065     22394     60633     65533    909801    958851     96186    119099      4981      5631     17385     21600
2I 484 54    2306523   1115302   1191221    989507   1037560    102333    125145      5575      5966     17887     22550     60965     66035    931946    975583     99956    122334      5198      5575     17237     21694
2I 484 55    2258580   1076712   1181868    953330   1030540    100998    123402      5275      5905     17109     22021     56076     62263    900489    972421     98729    120468      4941      5538     16477     21178
2I 484 56    2320383   1105579   1214804    988906   1070077     95917    118567      4823      5394     15933     20766     54002     59222    937880   1014442     93846    116061      4519      5063     15332     20016
2I 484 57    2298955   1084091   1214864    964819   1068169     98611    120951      4878      5294     15783     20450     51098     58192    916727   1013733     96498    118304      4578      4958     15190     19677
2I 484 58    2186416   1026491   1159925    918198   1026515     88851    109639      4586      4812     14856     18959     47256     53461    873630    976422     87036    107374      4297      4480     14272     18188
2I 484 59    2322804   1086928   1235876    975473   1098262     91236    113292      4651      5258     15568     19064     47866     54263    930370   1047300     89352    111008      4333      4949     15007     18356
2I 484 60    2266005   1053413   1212592    940187   1071620     93080    117265      4578      5146     15568     18561     45383     49518    897463   1025495     91220    114875      4296      4839     15051     17865
2I 484 61    2160510   1004349   1156161    901384   1027053     84147    107336      4285      4648     14533     17124     41837     46488    861860    983608     82547    105255      4038      4351     14067     16459
2I 484 62    2195343   1020858   1174485    921986   1049217     80674    104378      4136      4496     14062     16394     39521     44486    884595   1007511     79207    102363      3908      4263     13627     15862
2I 484 63    2105703    982299   1123404    890957   1006010     74822     98040      3736      4141     12784     15213     36009     41711    856873    966921     73512     96205      3521      3914     12384     14653
2I 484 64    2038937    937747   1101190    847378    984151     74416     97883      3583      4106     12370     15050     34690     40877    814634    945978     73068     95964      3396      3900     11959     14471
2I 484 65    1964119    893596   1070523    804060    953857     74956     98847      3326      3814     11254     14005     29312     36098    776564    920282     73653     97026      3162      3619     10905     13498
2I 484 66    1932401    875587   1056814    794247    949661     68208     90858      2834      3461     10298     12834     28255     35011    767672    916909     67022     89253      2676      3280      9962     12361
2I 484 67    1841466    820485   1020981    739335    912974     67908     91876      2856      3397     10386     12734     24761     32468    716289    882751     66738     90260      2673      3222     10024     12280
2I 484 68    1728879    764512    964367    690546    864756     61523     84751      2737      3198      9706     11662     23269     30550    668721    836130     60523     83380      2590      3042      9409     11265
2I 484 69    1721727    745276    976451    669304    871660     63334     89973      2629      3487     10009     11331     23103     31568    647761    842258     62244     88430      2530      3318      9638     10877
2I 484 70    1630671    701056    929615    630583    831858     58692     84288      2397      3119      9384     10350     21543     29574    610470    804224     57794     82887      2283      2966      8966      9964
2I 484 71    1564334    665159    899175    602347    810929     52041     75863      2299      2975      8472      9408     20670     28773    583027    783923     51198     74599      2175      2829      8089      9051
2I 484 72    1473969    619280    854689    560497    770411     48574     72945      2185      2737      8024      8596     19078     26754    542762    745362     47802     71736      2058      2593      7580      8244
2I 484 73    1382194    572505    809689    520370    732493     43023     66744      1965      2524      7147      7928     18464     25854    503137    707985     42312     65804      1837      2410      6755      7636
2I 484 74    1331923    541302    790621    489642    714894     42767     65704      1741      2593      7152      7430     17037     24011    473712    692395     42143     64587      1663      2475      6747      7153
2I 484 75    1242502    498130    744372    449902    673907     40080     61458      1609      2332      6539      6675     15651     21709    435293    653437     39478     60567      1524      2224      6184      6435
2I 484 76    1147529    449990    697539    406332    633198     36205     56282      1534      2171      5919      5888     14321     20017    392967    614237     35633     55549      1455      2074      5614      5662
2I 484 77    1068588    409726    658862    369454    598307     33320     53072      1479      2041      5473      5442     13436     19041    356961    580312     32790     52285      1407      1960      5132      5264
2I 484 78     979825    368833    610992    333457    556866     29341     47445      1243      1819      4792      4862     12452     17482    321793    540283     28859     46794      1191      1745      4538      4688
2I 484 79     900501    331754    568747    298717    516882     27549     45678      1159      1667      4329      4520     11395     16444    288081    501264     27120     45095      1083      1586      4075      4358
2I 484 80     799179    286687    512492    258332    467024     23894     40179      1007      1411      3454      3878      9939     14063    249041    453652     23484     39677       955      1351      3268      3749
2I 484 81     712502    248586    463916    227558    428462     17360     30867       809      1205      2859      3382      8683     12365    219371    416713     17050     30425       768      1155      2714      3258
2I 484 82     637251    219558    417693    200838    385521     15694     28270       669      1049      2357      2853      7508     10839    193771    375167     15441     27907       632      1013      2206      2767
2I 484 83     581344    195110    386234    178791    356859     13701     25870       561       931      2057      2574      7352     11334    171849    346050     13436     25476       527       886      1946      2488
2I 484 84     525639    171621    354018    156525    326141     12747     24489       539       853      1810      2535      5577      8415    151287    318098     12525     24209       510       821      1722      2475
2I 484 85     456575    145529    311046    131783    286862     11509     21370       515       743      1722      2071      4286      6556    127819    280642     11287     21101       499       708      1638      2039
2I 484 86     391624    121033    270591    109880    250323      9328     17851       449       663      1376      1754      3414      5449    106729    245155      9144     17624       424       632      1322      1731
2I 484 87     334232     99530    234702     90248    217219      7803     15454       370       562      1109      1467      2822      4771     87702    212691      7594     15264       357       529      1055      1447
2I 484 88     277356     79864    197492     72445    183107      6306     12769       310       477       803      1139      2559      4194     70151    179093      6114     12630       291       446       749      1129
2I 484 89     250033     71558    178475     63924    163625      6869     13447       288       461       477       942      2275      3579     61899    160223      6688     13305       264       446       432       922
2I 484 90     198455     55040    143415     49868    132268      4669     10069       200       370       303       708      1729      2887     48302    129531      4542      9957       187       345       280       695
2I 484 91     159899     42800    117099     39241    108399      3179      7820       143       269       237       611      1321      2384     38018    106142      3102      7723       133       255       226       595
2I 484 92     130276     34483     95793     31582     88324      2555      6674       110       228       236       567      1042      1968     30603     86452      2514      6605        99       218       225       550
2I 484 93     104139     27369     76770     24934     70643      2119      5445        98       184       218       498       794      1574     24174     69149      2102      5391        93       174       206       482
2I 484 94      79846     20318     59528     18403     54607      1597      4300        82       155       236       466       596      1240     17837     53432      1580      4260        76       147       229       449
2I 484 95      56689     13687     43002     12285     39426      1094      3102        75       111       233       363       411       906     11897     38575      1081      3065        74       101       224       355
2I 484 96      41509      9921     31588      8799     28916       877      2327        63        85       182       260       301       655      8518     28299       867      2302        61        80       174       252
2I 484 97      30370      7220     23150      6313     21002       753      1902        39        65       115       181       207       482      6119     20551       748      1882        36        61       110       174
2I 484 98      20952      4850     16102      4242     14585       543      1352        23        48        42       117       142       347      4110     14270       540      1328        21        44        37       113
2I 484 99      14978      3380     11598      2894     10489       479      1067         3        12         4        30       121       259      2788     10257       471      1044         0        10         0        28
2I 484100      20949      3268     17681      2131     15268       995      2316        36        33       106        64       282       566      1902     14768       958      2265        32        27        94        55
2I 784999  236348292 115142137 121206155  98306482 102789762  13441179  14893724    821321    837330   2573155   2685339   8905330   8754267  89984394  94629084  13061492  14504504    747979    766500   2442942   2551800
2I 784  0    3571901   1827580   1744321   1492396   1416137    267343    262677     19021     18695     48820     46812    194535    185956   1310919   1242794    258841    254464     17370     17082     45915     44025
2I 784  1    3543520   1814369   1729151   1482260   1404878    263611    258108     19014     18276     49484     47889    194016    184916   1300934   1232249    255348    250057     17437     16754     46634     45175
2I 784  2    3534437   1807001   1727436   1472698   1400054    266834    261487     18396     17845     49073     48050    192936    184633   1292270   1227505    258609    253560     16878     16351     46308     45387
2I 784  3    3527196   1803180   1724016   1472282   1398805    264790    259434     17678     17411     48430     48366    187178    179156   1296826   1231145    257122    251973     16271     15999     45783     45743
2I 784  4    3517851   1798167   1719684   1460458   1388004    272453    267897     18070     17564     47186     46219    194859    188384   1278424   1212095    264193    259858     16172     15737     44519     43610
2I 784  5    3397284   1736786   1660498   1410696   1340301    264137    259920     17376     16462     44577     43815    188642    181432   1234907   1171231    255900    251983     15375     14552     41962     41300
2I 784  6    3297294   1686787   1610507   1377812   1307891    251453    246439     15736     15312     41786     40865    184264    177330   1205885   1142358    243589    238876     13791     13476     39258     38467
2I 784  7    3315974   1698460   1617514   1385490   1312013    255415    250062     15712     14878     41843     40561    185415    178909   1212288   1144792    247594    242479     13820     13097     39343     38237
2I 784  8    3064081   1568656   1495425   1280583   1212828    233172    229333     15060     14606     39841     38658    175671    168895   1116307   1054723    225775    222569     13320     12849     37583     36389
2I 784  9    3263292   1672566   1590726   1362868   1289308    250161    244525     16092     15651     43445     41242    180978    174149   1193782   1126077    242582    237648     14298     13964     40926     38888
2I 784 10    3229060   1656180   1572880   1345483   1270739    250632    244296     16114     15681     43951     42164    169309    162377   1187161   1118802    243678    237668     14605     14238     41427     39795
2I 784 11    3266693   1670826   1595867   1353451   1286127    256391    251439     16502     16185     44482     42116    168606    161447   1195832   1135230    249495    244820     14965     14686     41928     39684
2I 784 12    3449276   1763061   1686215   1433508   1362789    266519    262433     17331     16812     45703     44181    167805    161896   1276470   1211396    259903    255915     15742     15271     43141     41737
2I 784 13    3779052   1933101   1845951   1583062   1505019    285351    279447     18214     17732     46474     43753    174031    168631   1420413   1347292    278233    272623     16577     16159     43847     41246
2I 784 14    3726194   1906975   1819219   1574473   1495775    269146    263840     17953     17445     45403     42159    171448    165923   1414298   1340839    262151    256869     16259     15844     42819     39744
2I 784 15    3672874   1876526   1796348   1541662   1468906    272552    268878     17520     16929     44792     41635    166193    160893   1386308   1318885    265589    261920     15964     15356     42472     39294
2I 784 16    3611198   1847347   1763851   1516563   1442455    271328    266265     16823     15952     42633     39179    165821    157750   1361653   1295405    264145    259171     15342     14533     40386     36992
2I 784 17    3715524   1902621   1812903   1564668   1484892    278239    272950     17073     16472     42641     38589    173030    162640   1403463   1333460    270353    265486     15516     15023     40259     36294
2I 784 18    3773908   1921868   1852040   1577295   1513629    283598    283017     17383     16277     43592     39117    176411    163715   1413124   1361639    275441    275037     15806     14849     41086     36800
2I 784 19    4194642   2129684   2064958   1756368   1695081    304895    307647     19678     18419     48743     43811    197693    181607   1572622   1526582    295452    298800     17932     16837     45985     41132
2I 784 20    4342038   2213846   2128192   1841189   1760391    302918    305420     19711     18318     50028     44063    206805    185050   1649076   1588703    293056    296376     17854     16720     47055     41343
2I 784 21    4314910   2194935   2119975   1833465   1759210    292172    297709     19287     17652     50011     45404    216044    189338   1632181   1583273    282426    288864     17379     16001     46905     42499
2I 784 22    4311841   2188047   2123794   1841203   1769593    279832    292175     17974     17051     49038     44975    217435    186385   1638650   1596562    270012    283299     16044     15421     45906     42127
2I 784 23    4382836   2215013   2167823   1874413   1809434    275465    294312     17021     16844     48114     47233    221085    189474   1668021   1633674    265683    285250     15179     15166     45045     44259
2I 784 24    4385783   2214966   2170817   1876968   1809143    272244    294693     16724     16461     49030     50520    224971    191565   1667174   1631505    262172    285406     14888     14923     45761     47418
2I 784 25    4400246   2216908   2183338   1878990   1820299    272067    294324     15636     15845     50215     52870    215214    185398   1678264   1648316    262363    285434     13950     14393     47117     49797
2I 784 26    4384066   2205952   2178114   1877948   1822450    263598    286447     14472     14541     49934     54676    208581    183408   1683075   1652427    254549    277665     12821     13016     46926     51598
2I 784 27    4404574   2212779   2191795   1880589   1829225    264942    290418     14389     14728     52859     57424    199614    179438   1694383   1662827    255988    281903     12789     13239     50005     54388
2I 784 28    4061211   2034431   2026780   1730485   1691642    240178    265384     14255     15080     49513     54674    179920    166055   1562558   1537314    232271    257842     12751     13628     46931     51941
2I 784 29    4334171   2174281   2159890   1845561   1798563    257747    285152     13673     13822     57300     62353    187977    173350   1670141   1637238    249521    277437     12222     12545     54420     59320
2I 784 30    4183427   2088683   2094744   1779233   1750184    238742    268844     13345     13584     57363     62132    168393    160742   1621796   1601073    231752    261622     12020     12258     54722     59049
2I 784 31    3979009   1981309   1997700   1694543   1676400    217355    247094     13683     14026     55728     60180    156510    151936   1548274   1535378    211060    240438     12303     12708     53162     57240
2I 784 32    3894523   1938807   1955716   1662226   1642133    209641    242236     13737     14132     53203     57215    146843    144169   1525148   1508054    203523    235925     12491     12954     50802     54614
2I 784 33    3767633   1865542   1902091   1595395   1591213    204261    237787     13585     14628     52301     58463    140193    137467   1464400   1463441    198489    231844     12396     13453     50064     55886
2I 784 34    3750958   1867189   1883769   1597543   1577135    206528    236650     12094     12858     51024     57126    140202    138180   1466270   1448500    200721    230605     11122     11858     48874     54626
2I 784 35    3699241   1832699   1866542   1576941   1572755    195653    225928     11993     13092     48112     54767    127783    128810   1457429   1453071    190369    220209     11010     12092     46108     52360
2I 784 36    3611913   1785655   1826258   1552368   1554028    176642    207632     11414     12519     45231     52079    120977    123454   1439082   1438864    171811    202451     10482     11608     43303     49881
2I 784 37    3889147   1918291   1970856   1688907   1701902    174630    206869     10817     11581     43937     50504    116242    119858   1580025   1590183    170066    201845      9911     10658     42047     48312
2I 784 38    2741485   1349991   1391494   1175454   1185905    129366    155152      9451      9741     35720     40696     99771    103388   1081971   1089638    125559    150766      8631      8951     34059     38751
2I 784 39    2977319   1470228   1507091   1271422   1277664    148913    175208     10026     10458     39867     43761    102880    104892   1175363   1180160    144670    170517      9213      9676     38102     41846
2I 784 40    2965515   1458370   1507145   1269267   1288297    142160    168022      9998     10562     36945     40264     94669    100212   1180804   1195344    138247    163409      9236      9778     35414     38402
2I 784 41    3026309   1489085   1537224   1310782   1330172    134648    159558      9210      9761     34445     37733     88857     94443   1227432   1242195    131234    155361      8535      9085     33027     36140
2I 784 42    2682836   1319945   1362891   1148988   1164864    130175    154191      8707      9119     32075     34717     82873     86994   1071528   1084078    126653    150169      8092      8469     30799     33181
2I 784 43    2523368   1235679   1287689   1072328   1097589    123306    147683      8601      8841     31444     33576     81576     84949    996099   1018603    119870    143740      7979      8253     30155     32144
2I 784 44    2458281   1207468   1250813   1045666   1065026    124780    147181      7795      8410     29227     30196     80959     83313    970086    987645    121142    143211      7278      7835     28003     28809
2I 784 45    2386431   1169540   1216891   1012186   1036203    121313    143813      7496      7751     28545     29124     75266     79641    942009    962393    117996    139827      6999      7212     27270     27818
2I 784 46    2356748   1151705   1205043   1004642   1030677    113277    139614      7182      7478     26604     27274     72765     76816    936552    959157    110270    135973      6695      6994     25423     26103
2I 784 47    2281918   1113103   1168815    965699    996984    113550    137503      7144      7375     26710     26953     70637     75097    899920    926995    110303    134044      6689      6889     25554     25790
2I 784 48    2139178   1043586   1095592    916122    945571     98217    119721      6177      6622     23070     23678     64843     69237    855299    880850     95579    116566      5785      6221     22080     22718
2I 784 49    2270298   1110244   1160054    972314    999269    107611    128535      6779      6933     23540     25317     69591     73139    907017    930780    104669    125336      6357      6461     22610     24338
2I 784 50    2168984   1051295   1117689    917941    960249    105177    126046      6226      6643     21951     24751     61891     67087    860009    897662    102473    122913      5795      6192     21127     23835
2I 784 51    2096882   1015282   1081600    891812    932558     97769    119280      5767      6390     19934     23372     58655     64192    836816    872501     95288    116430      5377      5980     19146     22497
2I 784 52    2151619   1037285   1114334    913559    963047     98879    122091      5514      6170     19333     23026     58086     62026    858927    904803     96453    119431      5170      5815     18649     22259
2I 784 53    2239972   1079670   1160302    957578   1009793     98507    121942      5328      6060     18257     22507     60563     65058    900459    948753     96080    119078      5001      5682     17567     21731
2I 784 54    2300443   1110252   1190191    984165   1036098    102282    125199      5620      6081     18185     22813     61501     66847    926201    973418     99800    122322      5238      5676     17512     21928
2I 784 55    2253489   1076766   1176723    953112   1025255    100920    123233      5331      5936     17403     22299     56616     62867    899756    966564     98655    120287      4985      5564     16754     21441
2I 784 56    2303123   1097157   1205966    980302   1060788     95844    118647      4884      5461     16127     21070     54488     59831    928830   1004647     93752    116076      4570      5119     15517     20293
2I 784 57    2310428   1091946   1218482    972250   1071404     98713    120975      4910      5354     16073     20749     51952     58676    923394   1016529     96539    118297      4600      5015     15461     19965
2I 784 58    2182492   1024665   1157827    916249   1024095     88865    109628      4615      4834     14936     19270     47458     53938    871546    973611     87010    107305      4323      4491     14328     18482
2I 784 59    2302232   1077316   1224916    965699   1086764     91188    113375      4729      5245     15700     19532     48118     54807    920390   1035335     89277    111063      4405      4923     15126     18788
2I 784 60    2272148   1056033   1216115    942819   1074861     92966    117192      4560      5205     15688     18857     45655     50302    899869   1027964     91090    114796      4266      4897     15153     18156
2I 784 61    2172238   1009983   1162255    906719   1032614     84239    107590      4330      4718     14695     17333     42571     47105    866513    988631     82611    105457      4071      4408     14217     16654
2I 784 62    2169528   1007344   1162184    907742   1035904     81024    104900      4215      4555     14363     16825     39841     44855    870096    993901     79509    102860      3982      4307     13916     16261
2I 784 63    2128612    992616   1135996    900362   1017585     75409     98792      3781      4195     13064     15424     36744     42329    865564    977886     74097     96940      3563      3966     12648     14875
2I 784 64    2060131    948394   1111737    857252    993521     74801     98586      3659      4204     12682     15426     35304     41698    823941    954623     73427     96609      3462      3984     12260     14823
2I 784 65    1973045    898438   1074607    808329    957008     75201     99376      3391      3863     11517     14360     30255     36966    779942    922658     73856     97503      3220      3663     11165     13817
2I 784 66    1923108    870571   1052537    788835    944798     68402     91226      2865      3509     10469     13004     28272     35162    762233    911902     67225     89606      2710      3329     10131     12538
2I 784 67    1861062    831355   1029707    749967    921377     68032     91979      2854      3413     10502     12938     25373     32965    726343    890685     66827     90346      2669      3235     10143     12476
2I 784 68    1736303    766951    969352    692729    869468     61620     84804      2749      3196      9853     11884     23263     30642    670975    840783     60595     83430      2589      3034      9529     11463
2I 784 69    1720868    745870    974998    669597    869944     63556     90032      2670      3488     10047     11534     23174     31601    647971    840530     62458     88462      2562      3321      9705     11084
2I 784 70    1634566    702755    931811    632302    833743     58622     84390      2385      3149      9446     10529     21564     29690    612176    806015     57704     82984      2277      2991      9034     10131
2I 784 71    1568973    667056    901917    604218    813217     51971     76079      2308      3043      8559      9578     20827     29085    584742    785951     51130     74785      2182      2892      8175      9204
2I 784 72    1479114    621567    857547    562520    772719     48681     73268      2197      2755      8169      8805     19143     26921    544710    747517     47905     72049      2075      2612      7734      8448
2I 784 73    1389518    575846    813672    523467    735873     43206     67203      2006      2582      7167      8014     18529     26111    506196    711176     42476     66212      1871      2460      6774      7713
2I 784 74    1340032    544936    795096    493120    718788     42777     66058      1790      2602      7249      7648     17319     24499    476960    695797     42122     64953      1702      2484      6833      7363
2I 784 75    1250315    501616    748699    453199    677587     40224     61946      1602      2375      6591      6791     15739     21987    438498    656868     39627     61025      1515      2263      6237      6556
2I 784 76    1154191    452940    701251    409050    636348     36359     56710      1551      2199      5980      5994     14439     20287    395590    617155     35778     55952      1470      2097      5663      5760
2I 784 77    1075430    412498    662932    372044    601859     33435     53477      1485      2060      5534      5536     13493     19168    359505    583736     32906     52703      1410      1977      5184      5348
2I 784 78     986823    371677    615146    336107    560656     29473     47703      1252      1863      4845      4924     12500     17662    324398    543916     28985     47024      1200      1788      4594      4756
2I 784 79     907254    334281    572973    301022    520618     27686     46093      1157      1689      4416      4573     11490     16602    290301    504872     27246     45489      1083      1614      4161      4396
2I 784 80     806129    289391    516738    260732    470824     24119     40549      1026      1445      3514      3920     10010     14341    251378    457172     23706     40057       968      1378      3329      3790
2I 784 81     718086    250579    467507    229344    431634     17499     31224       819      1215      2917      3434      8810     12615    221058    419646     17182     30771       777      1166      2752      3309
2I 784 82     643113    221582    421531    202589    388859     15932     28712       683      1067      2378      2893      7560     10838    195480    378518     15668     28342       644      1032      2230      2801
2I 784 83     585654    196646    389008    180073    359178     13892     26275       567       954      2114      2601      7369     11316    173118    348387     13630     25883       532       908      1997      2514
2I 784 84     529282    172718    356564    157579    328350     12756     24785       543       880      1840      2549      5875      9054    152057    319717     12529     24460       509       846      1748      2487
2I 784 85     460979    146985    313994    133152    289508     11554     21630       524       747      1755      2109      4416      6727    129061    283103     11328     21381       508       711      1672      2072
2I 784 86     394823    122214    272609    110956    252089      9434     18074       445       671      1379      1775      3451      5472    107765    246893      9252     17849       423       642      1323      1753
2I 784 87     337493    100740    236753     91311    219073      7905     15640       379       561      1145      1479      2836      4778     88751    214539      7709     15448       362       530      1082      1458
2I 784 88     279082     80274    198808     72828    184238      6291     12941       310       476       845      1153      2561      4239     70539    180188      6088     12789       290       451       796      1141
2I 784 89     249640     70635    179005     63092    164181      6717     13389       294       466       532       969      2254      3615     61082    160744      6543     13254       274       440       482       952
2I 784 90     200084     55584    144500     50219    133238      4845     10186       206       374       314       702      1751      2911     48645    130483      4713     10070       188       346       287       690
2I 784 91     161218     43079    118139     39476    109343      3231      7902       141       274       231       620      1334      2409     38244    107062      3153      7802       128       263       220       603
2I 784 92     131898     34842     97056     31927     89477      2570      6797       114       230       231       552      1060      1995     30930     87581      2528      6726       103       219       221       535
2I 784 93     106345     27968     78377     25477     72056      2180      5617        94       187       217       517       807      1605     24706     70536      2161      5558        89       178       205       500
2I 784 94      81920     20903     61017     18947     55948      1653      4425        78       159       225       485       604      1260     18374     54752      1636      4387        73       150       216       468
2I 784 95      57934     13897     44037     12495     40377      1086      3178        77       114       239       368       426       921     12095     39507      1072      3143        74       105       230       361
2I 784 96      42333     10052     32281      8913     29548       877      2367        63        89       199       277       303       670      8628     28914       869      2343        60        84       192       270
2I 784 97      31405      7538     23867      6564     21656       778      1947        46        68       150       196       208       501      6366     21192       774      1922        44        64       146       188
2I 784 98      21781      5103     16678      4458     15095       562      1411        20        45        63       127       145       360      4324     14775       558      1380        18        40        58       123
2I 784 99      15958      3785     12173      3288     10979       490      1118         3        20         4        56       126       264      3177     10737       482      1101         0        19         0        52
2I 784100      21748      3243     18505      2082     16020      1029      2388        36        34        96        63       284       573      1852     15509       993      2341        31        27        83        55
2I1084999  236975653 115457555 121518098  98517361 102991420  13492361  14949454    829224    845411   2618609   2731813   9002849   8840368  90111356  94757238  13104534  14552877    753892    772785   2484924   2594830
2I1084  0    3600584   1841336   1759248   1502494   1427847    269866    264888     19198     18913     49778     47600    197489    189095   1318486   1251755    261111    256440     17479     17236     46771     44722
2I1084  1    3516022   1800403   1715619   1470603   1392938    261372    256399     18907     18218     49521     48064    193174    184017   1290241   1221347    253038    248269     17305     16668     46645     45318
2I1084  2    3542808   1811646   1731162   1475195   1402104    266930    261174     19061     18439     50460     49445    195414    186943   1292682   1227602    258489    253050     17472     16880     47589     46687
2I1084  3    3535832   1807362   1728470   1475194   1402074    265273    259924     17675     17474     49220     48998    189982    181973   1297307   1231957    257357    252237     16212     15999     46504     46304
2I1084  4    3538239   1809798   1728441   1470281   1395268    272954    268374     18593     18177     47970     46622    198519    191362   1284735   1216565    264555    260155     16787     16437     45202     43922
2I1084  5    3442825   1759020   1683805   1427631   1358536    267800    262996     17633     16637     45956     45636    192336    185614   1248524   1185655    259338    254861     15556     14649     43266     43026
2I1084  6    3302432   1689968   1612464   1377627   1306188    253608    248791     15931     15329     42802     42156    182749    175376   1207336   1142720    245686    241173     13957     13468     40240     39727
2I1084  7    3353521   1717289   1636232   1400822   1326931    257925    253186     15796     15145     42746     40970    186948    180569   1226411   1158374    249955    245452     13822     13282     40153     38555
2I1084  8    3072871   1572775   1500096   1283084   1216553    234201    229637     15301     14672     40189     39234    177753    170853   1117094   1056846    226601    222599     13489     12878     37838     36920
2I1084  9    3245364   1663998   1581366   1355020   1280320    249384    243876     16168     15789     43426     41381    182885    176019   1184269   1115520    241648    236888     14299     13981     40897     38958
2I1084 10    3256868   1671424   1585444   1357750   1281402    252359    245925     16134     15629     45181     42488    172064    164599   1196949   1127341    245202    239208     14611     14195     42598     40101
2I1084 11    3247851   1660499   1587352   1345671   1279160    253814    249032     16426     16149     44588     43011    168134    161544   1188639   1128266    246858    242367     14873     14633     41995     40542
2I1084 12    3371703   1723215   1648488   1398462   1329988    261483    257596     17374     16850     45896     44054    168397    161790   1241018   1178932    254747    250928     15764     15288     43289     41550
2I1084 13    3719325   1900354   1818971   1551646   1478418    282783    277626     18132     17653     47793     45274    172772    167688   1390256   1321654    275744    270847     16477     16060     45105     42722
2I1084 14    3757970   1926028   1831942   1586973   1503335    274760    268131     18277     17725     46018     42751    174870    168787   1423773   1345871    267521    260946     16538     16098     43326     40240
2I1084 15    3700508   1890452   1810056   1550431   1478498    276021    271464     17699     17143     46301     42951    168689    163278   1392878   1326327    268952    264432     16064     15498     43869     40521
2I1084 16    3613745   1848410   1765335   1521516   1446345    266820    263030     16950     16115     43124     39845    167357    158892   1365217   1298293    259556    255899     15443     14661     40837     37590
2I1084 17    3699041   1896097   1802944   1557355   1475160    277782    271806     17126     16326     43834     39652    173928    162938   1395384   1323539    269833    264284     15542     14864     41410     37319
2I1084 18    3726764   1897657   1829107   1556351   1494607    280031    278884     17199     16309     44076     39307    176767    164002   1392000   1342498    271782    270814     15600     14856     41508     36937
2I1084 19    4129241   2097865   2031376   1727430   1664868    301766    304167     19492     18070     49177     44271    197994    180940   1543600   1497109    292248    295278     17694     16483     46329     41566
2I1084 20    4326029   2204974   2121055   1831027   1751343    303665    306488     19743     18430     50539     44794    207954    186111   1638016   1578860    293585    297294     17882     16795     47537     41995
2I1084 21    4304081   2191339   2112742   1828229   1751447    292833    297651     19362     17742     50915     45902    216850    189803   1626499   1575252    282890    288633     17387     16090     47713     42964
2I1084 22    4290600   2177598   2113002   1829886   1758630    279634    291449     18339     17227     49739     45696    219798    188950   1625202   1583282    269688    282492     16375     15543     46535     42735
2I1084 23    4367447   2208739   2158708   1866396   1799744    276139    294291     17148     16895     49056     47778    223231    190366   1658275   1623303    266127    285076     15240     15209     45866     44754
2I1084 24    4402983   2223236   2179747   1884063   1816957    272468    295139     16854     16707     49851     50944    228242    194212   1671303   1637067    262174    285637     14982     15066     46535     47765
2I1084 25    4425084   2231976   2193108   1890502   1827649    274315    295602     15942     15995     51217     53862    219583    188085   1685929   1653288    264359    286535     14156     14518     47949     50682
2I1084 26    4355219   2191729   2163490   1864504   1807440    262371    286329     14651     14878     50203     54843    210494    184275   1668049   1636737    253023    277403     13007     13346     47156     51729
2I1084 27    4415954   2218181   2197773   1883269   1833620    266766    291190     14402     14609     53744     58354    203323    181922   1693703   1665098    257668    282461     12717     13085     50770     55207
2I1084 28    4111913   2060628   2051285   1751595   1710566    243982    269862     14268     14982     50783     55875    182602    168026   1581322   1554560    235830    262122     12750     13507     48124     53070
2I1084 29    4332427   2174495   2157932   1844976   1795894    258001    284889     14359     14774     57159     62375    191296    176170   1666633   1632152    249512    276906     12806     13391     54248     59313
2I1084 30    4213874   2104885   2108989   1790490   1760087    242595    272523     13250     13397     58550     62982    172378    163528   1629580   1608355    235240    265166     11886     12079     55801     59861
2I1084 31    4000454   1992201   2008253   1701179   1682765    220787    250288     13649     14009     56586     61191    158550    153603   1553059   1540356    214347    243477     12261     12655     53984     58162
2I1084 32    3943282   1962400   1980882   1681441   1662509    212110    245167     13915     14330     54934     58876    149732    146747   1541749   1526208    205857    238683     12622     13096     52440     56148
2I1084 33    3801994   1884426   1917568   1612399   1604572    205409    239518     13536     14439     53082     59039    141202    138454   1480657   1475943    199504    233455     12303     13271     50760     56445
2I1084 34    3749359   1866552   1882807   1594587   1574737    207911    237432     12600     13441     51454     57197    142813    140020   1461043   1444584    201869    231221     11561     12356     49266     54626
2I1084 35    3717406   1842945   1874461   1583064   1576177    198313    228919     12158     13280     49410     56085    130363    131196   1461192   1454308    192877    223072     11157     12259     47356     53626
2I1084 36    3609643   1782711   1826932   1543945   1547493    180752    213175     11556     12663     46458     53601    121769    124084   1430111   1431924    175760    207844     10592     11725     44479     51355
2I1084 37    3913333   1930011   1983322   1694373   1707793    179195    211275     11011     11878     45432     52376    118393    121756   1583549   1594354    174468    206108     10089     10943     43512     50161
2I1084 38    2941266   1451863   1489403   1270814   1276520    134664    160881      9751     10135     36634     41867    103379    106997   1173999   1176953    130711    156373      8889      9289     34885     39791
2I1084 39    2951157   1456645   1494512   1258195   1265787    148063    173890      9953     10210     40434     44625    103499    105670   1161683   1167658    143710    169065      9114      9424     38639     42695
2I1084 40    2944417   1448297   1496120   1258425   1276109    142126    168256     10209     10870     37537     40885     96643    101252   1168202   1182254    138112    163609      9408     10052     35932     38953
2I1084 41    3051296   1499936   1551360   1318587   1340716    136470    161829      9370      9919     35509     38896     89762     95528   1234531   1251861    132920    157519      8672      9210     34051     37242
2I1084 42    2756385   1357890   1398495   1185387   1198953    131006    154810      8886      9321     32611     35411     84672     89304   1106213   1116031    127463    150653      8243      8655     31299     33852
2I1084 43    2564347   1255834   1308513   1089110   1114907    125894    150132      8706      9035     32124     34439     81871     85417   1012710   1035602    122352    146115      8082      8419     30819     32960
2I1084 44    2478495   1217559   1260936   1054756   1073581    125018    147854      7947      8437     29838     31064     81731     83888    978530    995679    121336    143859      7387      7858     28575     29652
2I1084 45    2381220   1167339   1213881   1008954   1032258    121905    144095      7564      7920     28916     29608     76713     80763    937480    957448    118444    140056      7066      7358     27636     28256
2I1084 46    2378669   1162699   1215970   1014276   1040335    113990    140348      7271      7551     27162     27736     73121     77222    945970    968554    110909    136614      6763      7050     25936     26530
2I1084 47    2307061   1126000   1181061    975953   1006341    115485    139627      7277      7516     27285     27577     71949     76196    908963    935426    112190    136040      6805      7018     26093     26381
2I1084 48    2132519   1040556   1091963    913213    942361     97642    119099      6275      6675     23426     23828     64866     69440    852456    877475     94961    115963      5872      6256     22401     22829
2I1084 49    2298357   1124024   1174333    982225   1009384    110341    131663      6780      7057     24678     26229     69739     73548    916876    940684    107357    128312      6351      6587     23701     25202
2I1084 50    2206277   1069660   1136617    935579    977631    105311    127195      6376      6701     22394     25090     63659     68612    875983    913538    102538    124065      5930      6234     21550     24168
2I1084 51    2084249   1010104   1074145    886149    925562     97810    118532      5820      6421     20325     23630     58819     64227    831043    865582     95297    115608      5419      5998     19526     22730
2I1084 52    2134742   1029529   1105213    905645    954012     98683    121578      5604      6278     19597     23345     57966     62587    851251    895360     96195    118840      5241      5902     18876     22524
2I1084 53    2220612   1070406   1150206    948113    999471     98419    121888      5314      6051     18560     22796     60107     64024    891426    939378     96015    119084      4985      5679     17873     22041
2I1084 54    2294635   1105216   1189419    978855   1034680    102297    125394      5639      6201     18425     23144     61842     67433    920676    971521     99709    122446      5260      5781     17729     22238
2I1084 55    2248355   1076844   1171511    952921   1019959    100793    123050      5424      5986     17706     22516     57420     63639    898831    960537     98494    120097      5059      5605     17040     21633
2I1084 56    2286392   1089111   1197281    972126   1051664     95701    118692      4916      5509     16368     21416     54823     60384    920334    995091     93608    116037      4598      5154     15748     20615
2I1084 57    2321791   1099543   1222248    979562   1074654     98739    121024      4960      5420     16282     21150     53007     59311    929718   1019178     96530    118331      4641      5077     15647     20351
2I1084 58    2179002   1023176   1155826    914658   1021782     88817    109636      4629      4879     15072     19529     47500     54457    869965    970878     86914    107229      4329      4532     14468     18730
2I1084 59    2282279   1068154   1214125    956277   1075372     91190    113508      4793      5190     15894     20055     48514     55136    910631   1023699     89254    111169      4468      4852     15287     19269
2I1084 60    2278024   1058534   1219490    945474   1078010     92754    117082      4572      5271     15734     19127     45900     51304    902355   1030122     90840    114688      4262      4959     15177     18417
2I1084 61    2183741   1015448   1168293    911848   1038040     84303    107875      4353      4773     14944     17605     43357     47581    870901    993645     82658    105689      4083      4460     14449     16918
2I1084 62    2145077    994818   1150259    894582   1022954     81329    105447      4292      4631     14615     17227     40111     45270    856732    980643     79770    103375      4052      4358     14153     16613
2I1084 63    2150768   1002495   1148273    909359   1028785     75895     99514      3853      4240     13388     15734     37703     42993    873655    988448     74543     97625      3632      4017     12962     15190
2I1084 64    2081997    959387   1122610    867392   1003094     75270     99401      3707      4278     13018     15837     35544     42244    833860    963720     73897     97394      3497      4043     12589     15209
2I1084 65    1982356    903552   1078804    812815    960253     75430     99895      3485      3936     11822     14720     31618     38162    783146    924802     74030     97953      3306      3729     11452     14158
2I1084 66    1916022    867003   1049019    784735    940553     68602     91639      2908      3555     10758     13272     28152     35162    758257    907685     67431     90005      2756      3376     10407     12791
2I1084 67    1879833    841603   1038230    760001    929540     68139     92115      2884      3442     10579     13133     26231     33721    735543    898114     66906     90470      2696      3259     10227     12666
2I1084 68    1745067    770458    974609    695876    874452     61699     84884      2755      3221     10128     12052     23242     30802    674195    845662     60663     83480      2585      3051      9773     11614
2I1084 69    1721236    747124    974112    670529    868668     63802     90154      2715      3448     10078     11842     23177     31530    648903    839326     62694     88583      2595      3283      9755     11390
2I1084 70    1639224    704929    934295    634338    835943     58697     84505      2392      3206      9502     10641     21672     29825    614113    808088     57747     83093      2291      3043      9106     10246
2I1084 71    1574747    669614    905133    606632    815967     51963     76306      2308      3071      8711      9789     20969     29328    587010    788501     51135     74990      2181      2916      8319      9398
2I1084 72    1485104    624280    860824    565015    775419     48794     73574      2222      2809      8249      9022     19301     27264    547067    749896     47997     72341      2100      2666      7815      8657
2I1084 73    1397739    579582    818157    526854    739693     43434     67687      2009      2612      7285      8165     18499     26152    509591    715028     42707     66642      1880      2480      6905      7855
2I1084 74    1349005    549082    799923    497022    723051     42874     66415      1863      2627      7323      7830     17696     25169    480573    699370     42169     65336      1759      2510      6885      7538
2I1084 75    1259228    505586    753642    456904    681851     40387     62419      1605      2404      6690      6968     15869     22326    442065    660855     39801     61448      1518      2288      6333      6725
2I1084 76    1161887    456395    705492    412290    640031     36547     57139      1557      2233      6001      6089     14487     20549    398781    620612     35964     56351      1476      2126      5687      5854
2I1084 77    1083100    415706    667394    374993    605788     33615     53886      1488      2096      5610      5624     13643     19350    362301    587484     33078     53128      1417      2007      5267      5425
2I1084 78     994544    374854    619690    339013    564830     29629     47972      1262      1882      4950      5006     12540     17858    327299    547924     29132     47268      1205      1809      4678      4831
2I1084 79     914959    337190    577769    303641    524902     27901     46530      1156      1725      4492      4612     11609     16765    292802    509026     27448     45900      1090      1652      4241      4426
2I1084 80     813583    292282    521301    263340    474962     24297     40891      1041      1468      3604      3980     10114     14643    253897    461018     23890     40399       974      1394      3407      3847
2I1084 81     724795    253048    471747    231547    435450     17697     31606       835      1231      2969      3460      8915     12891    223170    423191     17377     31149       791      1183      2795      3333
2I1084 82     649400    223699    425701    204458    392532     16144     29133       692      1083      2405      2953      7702     11076    197203    381992     15866     28735       655      1042      2273      2856
2I1084 83     590704    198368    392336    181545    362061     14107     26675       576       964      2140      2636      7221     10958    174737    351606     13855     26305       541       923      2014      2544
2I1084 84     533571    174093    359478    158795    330928     12851     25077       552       916      1895      2557      6273      9855    152904    321538     12608     24719       514       875      1794      2491
2I1084 85     465678    148437    317241    134528    292452     11600     21896       529       749      1780      2144      4546      6937    130300    285846     11372     21639       515       718      1704      2101
2I1084 86     398653    123482    275171    112122    254434      9518     18272       444       673      1398      1792      3528      5592    108862    249115      9332     18053       425       643      1335      1768
2I1084 87     340999    101923    239076     92359    221162      8017     15846       383       580      1164      1488      2858      4785     89774    216633      7835     15645       358       543      1098      1470
2I1084 88     281141     80709    200432     73233    185706      6273     13053       313       480       890      1193      2569      4267     70942    181649      6061     12890       297       450       840      1176
2I1084 89     250767     70511    180256     62942    165366      6681     13442       300       464       588       984      2252      3700     60936    161850      6510     13306       277       433       536       967
2I1084 90     200945     55519    145426     50117    134142      4880     10211       213       383       309       690      1763      2911     48535    131386      4747     10099       197       352       277       678
2I1084 91     162593     43337    119256     39665    110383      3286      7962       142       278       244       633      1351      2447     38422    108069      3207      7861       127       265       230       614
2I1084 92     133280     35038     98242     32122     90575      2595      6882       112       236       209       549      1069      2025     31113     88651      2551      6812       103       221       202       533
2I1084 93     108088     28352     79736     25812     73306      2225      5753        96       185       219       492       821      1634     25032     71760      2203      5691        91       175       205       476
2I1084 94      83818     21383     62435     19399     57223      1692      4537        75       167       217       508       622      1281     18809     56007      1674      4500        70       158       208       489
2I1084 95      59027     14046     44981     12648     41240      1091      3244        75       113       232       384       428       946     12243     40343      1081      3209        71       106       223       377
2I1084 96      43023     10137     32886      9002     30112       871      2405        60        89       204       280       314       682      8708     29472       861      2378        57        81       197       273
2I1084 97      32071      7669     24402      6664     22151       786      1983        58        63       161       205       211       516      6463     21672       782      1960        56        59       157       195
2I1084 98      22353      5238     17115      4574     15481       579      1445        24        51        61       138       150       367      4437     15154       574      1415        21        46        56       133
2I1084 99      16526      3929     12597      3427     11334       496      1169         2        24         4        70       131       279      3310     11085       488      1145         0        22         0        66
2I1084100      22861      3708     19153      2508     16594      1069      2459        37        34        94        66       295       599      2269     16061      1032      2412        32        26        80        55
2I 185999  237468221 115707970 121760251  98676953 103136827  13533430  14994939    836840    853317   2660747   2775168   9095487   8921353  90191597  94833909  13137698  14591242    759511    778887   2523677   2634860
2I 185  0    3622443   1852865   1769578   1511545   1435600    271909    266731     19156     19036     50255     48211    199555    191084   1325814   1257868    262933    258077     17388     17297     47175     45252
2I 185  1    3501665   1792916   1708749   1463935   1386416    260103    255789     18971     18285     49907     48259    192880    183811   1284075   1215249    251658    247537     17326     16693     46977     45459
2I 185  2    3548930   1814302   1734628   1476467   1405065    267248    260589     19483     18821     51104     50153    197334    188986   1292359   1228783    258600    252318     17843     17209     48166     47332
2I 185  3    3532683   1806281   1726402   1472614   1398571    266147    261071     17681     17461     49839     49299    191819    183644   1293270   1227170    257993    253130     16155     15925     47044     46533
2I 185  4    3550589   1816573   1734016   1476447   1400213    272666    267880     18806     18622     48654     47301    197334    189741   1291924   1223006    264374    259741     17116     16993     45825     44535
2I 185  5    3478113   1778041   1700072   1442967   1371585    269894    264619     17938     16860     47242     47008    196359    190140   1260239   1194592    261188    256242     15782     14785     44473     44313
2I 185  6    3319219   1696871   1622348   1380108   1311866    256346    251403     16309     15535     44108     43544    183291    175533   1209497   1148473    248298    243655     14287     13631     41498     41056
2I 185  7    3361738   1720750   1640988   1404419   1330886    257566    253494     15882     15409     42883     41199    188317    182005   1228948   1161182    249445    245637     13834     13466     40206     38698
2I 185  8    3101373   1588574   1512799   1295766   1226394    236386    232079     15536     14738     40886     39588    179754    172742   1128147   1065179    228601    224745     13642     12907     38430     37226
2I 185  9    3228781   1655069   1573712   1344947   1271383    250521    244379     16248     15931     43353     42019    184741    177835   1172578   1105117    242622    237257     14301     13994     40827     39509
2I 185 10    3282675   1685038   1597637   1370886   1293465    252182    245823     16211     15618     45759     42731    174941    166924   1207505   1137184    244812    239014     14663     14180     43117     40335
2I 185 11    3210250   1642265   1567985   1330897   1263608    250165    245162     16339     16098     44864     43117    167708    161725   1174373   1112595    243166    238482     14775     14569     42243     40614
2I 185 12    3320052   1697245   1622807   1374842   1305842    258931    255448     17444     16928     46028     44589    169170    162048   1216839   1154774    252060    248611     15812     15344     43364     42030
2I 185 13    3630629   1855136   1775493   1511658   1440710    277301    271655     18047     17555     48130     45573    171476    166441   1351561   1285216    270336    264925     16370     15935     45393     42976
2I 185 14    3804261   1949013   1855248   1601874   1518955    281509    274746     18513     17913     47117     43634    177465    170944   1436411   1359611    274061    267380     16741     16268     44335     41045
2I 185 15    3707677   1895329   1812348   1552435   1478056    277669    273068     17913     17372     47312     43852    171420    165687   1392478   1323713    270478    265947     16196     15659     44757     41342
2I 185 16    3642459   1865163   1777296   1536517   1459116    267338    261377     17107     16326     44201     40477    169154    160578   1378603   1309540    259983    254200     15562     14824     41861     38154
2I 185 17    3670749   1881466   1789283   1543960   1461702    275828    270809     17220     16185     44458     40587    175096    163182   1380918   1309919    267853    263252     15609     14712     41990     38218
2I 185 18    3710858   1888754   1822104   1550827   1489879    276551    276215     17052     16372     44324     39638    177253    164471   1386185   1337458    268183    268062     15421     14892     41712     37221
2I 185 19    4061654   2066445   1995209   1697753   1631624    299814    301203     19249     17693     49629     44689    197944    180230   1514151   1464664    290265    292276     17414     16105     46671     41934
2I 185 20    4308004   2193081   2114923   1818012   1742831    304197    308043     19776     18476     51096     45573    209078    186979   1624083   1569721    293945    298734     17907     16808     48068     42681
2I 185 21    4281933   2182549   2099384   1819227   1738879    292424    296507     19383     17810     51515     46188    217417    189882   1617303   1562820    282253    287284     17349     16168     48227     43230
2I 185 22    4274460   2170138   2104322   1821206   1749626    279674    290889     18740     17435     50518     46372    222306    191903   1614273   1571589    269592    281823     16732     15689     47235     43318
2I 185 23    4353208   2203219   2149989   1859041   1790517    276833    294136     17304     16944     50041     48392    225319    191057   1649208   1613561    266615    284815     15339     15248     46738     45308
2I 185 24    4413137   2230210   2182927   1890009   1819229    272545    295420     16921     16906     50735     51372    230633    196222   1675107   1637689    262065    285726     15010     15165     47395     48125
2I 185 25    4417576   2228199   2189377   1886906   1823747    273433    294927     16240     16120     51620     54583    223959    190983   1678468   1646809    263241    285676     14355     14603     48176     51306
2I 185 26    4355396   2191729   2163667   1861155   1804738    264579    288178     14865     15269     51130     55482    212672    185231   1662892   1633275    254909    279112     13214     13729     48042     52320
2I 185 27    4429053   2225410   2203643   1889282   1838053    267230    291962     14478     14572     54420     59056    206885    184232   1696521   1667567    257977    283007     12715     13022     51312     55815
2I 185 28    4141817   2077569   2064248   1764957   1721470    246471    271383     14191     14751     51950     56644    185513    169931   1592103   1563827    238076    263484     12667     13249     49210     53757
2I 185 29    4348839   2181008   2167831   1848401   1802140    260157    287297     15040     15723     57410     62671    194272    178807   1667478   1636179    251409    279041     13380     14235     54469     59569
2I 185 30    4250293   2124481   2125812   1805832   1772527    245734    275785     13259     13346     59656     64154    176416    166445   1641412   1618069    238002    268274     11855     12027     56796     60997
2I 185 31    4021512   2004662   2016850   1710038   1687729    223440    252965     13606     13918     57578     62238    160472    155067   1560207   1544109    216836    245991     12195     12546     54952     59137
2I 185 32    3973024   1976133   1996891   1691592   1674545    214140    247434     14113     14581     56288     60331    153170    149685   1548776   1535704    207711    240766     12780     13274     53696     57462
2I 185 33    3841239   1904796   1936443   1631139   1623035    206214    239674     13479     14256     53964     59478    142517    139795   1498351   1493236    200189    233474     12206     13086     51533     56852
2I 185 34    3760230   1872920   1887310   1597824   1575322    209949    240137     13052     13940     52095     57911    144684    141220   1462719   1444239    203705    233788     11943     12781     49869     55282
2I 185 35    3722247   1845816   1876431   1582971   1574632    199941    231063     12374     13507     50530     57229    133293    133748   1458437   1450425    194323    225069     11347     12459     48416     54730
2I 185 36    3619823   1788254   1831569   1544826   1547893    184065    216230     11703     12807     47660     54639    122777    124814   1430226   1431842    178917    210745     10707     11842     45627     52326
2I 185 37    3790426   1868463   1921963   1634506   1648130    177314    209150     11160     12110     45483     52573    120249    123312   1522051   1533280    172401    203841     10226     11169     43536     50361
2I 185 38    3263289   1612444   1650845   1417641   1422640    145630    172942     10059     10582     39114     44681    107220    110807   1317243   1319576    141527    168313      9167      9681     37287     42468
2I 185 39    2930016   1446068   1483948   1247334   1254928    147686    173398      9940     10019     41108     45603    104170    106754   1150310   1155918    143249    168429      9060      9219     39279     43628
2I 185 40    2946480   1449590   1496890   1257336   1273122    143269    170305     10410     11119     38575     42344     98752    102294   1165272   1178333    139119    165626      9565     10270     36882     40367
2I 185 41    2986432   1467570   1518862   1285438   1307225    136520    162010      9504     10056     36108     39571     90569     96453   1200731   1217647    132848    157596      8789      9317     34633     37849
2I 185 42    2875978   1417888   1458090   1243257   1256664    132184    155754      9095      9541     33352     36131     86687     91603   1162200   1171590    128608    151482      8416      8858     31977     34557
2I 185 43    2602555   1274253   1328302   1104417   1131164    128186    152522      8841      9273     32809     35343     82406     86310   1027571   1051170    124571    148391      8209      8625     31496     33806
2I 185 44    2500124   1228560   1271564   1064856   1082803    125137    148446      8066      8441     30501     31874     82044     84201    988327   1004643    121510    144434      7477      7858     29202     30428
2I 185 45    2373342   1163688   1209654   1004580   1027385    122188    144130      7627      8069     29293     30070     78132     81863    931805    951560    118613    140059      7124      7488     28014     28684
2I 185 46    2398165   1172367   1225798   1022865   1049058    114431    140850      7364      7638     27707     28252     73576     77750    954243    976901    111266    137023      6844      7120     26438     27004
2I 185 47    2331460   1138396   1193064    985648   1015418    117399    141749      7432      7663     27917     28234     73339     77417    917403    943471    114032    138011      6943      7152     26679     27013
2I 185 48    2123608   1036211   1087397    909216    938311     96837    118253      6380      6725     23778     24108     65064     69598    848378    873291     94081    115146      5964      6285     22724     23077
2I 185 49    2302104   1125348   1176756    982133   1010582    111118    132461      6785      7192     25312     26521     69671     73810    916962    941790    108086    128978      6349      6721     24280     25457
2I 185 50    2242705   1087671   1155034    952868    994548    105406    128268      6520      6764     22877     25454     65525     70305    891518    928815    102555    125122      6063      6285     22010     24507
2I 185 51    2071903   1005076   1066827    880522    918678     97816    117826      5888      6440     20850     23883     59084     64194    825176    858831     95302    114843      5476      6004     20038     22955
2I 185 52    2117539   1021626   1095913    897715    944957     98438    120991      5704      6385     19769     23580     57996     63264    843423    885773     95870    118164      5317      5988     19020     22724
2I 185 53    2201238   1061099   1140139    938665    989230     98236    121780      5352      6057     18846     23072     59665     63214    882428    929888     95830    119022      5019      5691     18157     22324
2I 185 54    2288595   1100080   1188515    973470   1033076    102271    125622      5621      6289     18718     23528     61874     67566    915346    969871     99619    122617      5246      5854     17995     22607
2I 185 55    2242943   1076715   1166228    952555   1014632    100673    122840      5501      6038     17986     22718     58222     64312    897748    954551     98322    119893      5120      5653     17303     21819
2I 185 56    2269515   1080934   1188581    963791   1042473     95581    118759      4944      5568     16618     21781     55252     61073    911619    985332     93463    116017      4619      5200     15981     20959
2I 185 57    2332931   1107115   1225816    986796   1077808     98768    121128      5024      5472     16527     21408     54074     59977    935960   1021724     96511    118396      4694      5123     15876     20596
2I 185 58    2175443   1021641   1153802    913027   1019456     88728    109567      4636      4959     15250     19820     47614     54930    868274    968152     86784    107100      4327      4609     14642     19011
2I 185 59    2261637   1058457   1203180    946387   1063853     91226    113694      4843      5119     16001     20514     48838     55364    900446   1012041     89269    111313      4524      4767     15380     19695
2I 185 60    2283782   1060908   1222874    948003   1081170     92467    116931      4585      5338     15853     19435     46157     52336    904720   1032263     90508    114540      4259      5017     15264     18718
2I 185 61    2194969   1020663   1174306    916776   1043400     84386    108134      4367      4815     15134     17957     44061     48149    875158    998479     82707    105915      4091      4505     14646     17258
2I 185 62    2119877    981826   1138051    880960   1009711     81620    106061      4357      4709     14889     17570     40333     45613    842964    967172     80021    103953      4104      4408     14404     16905
2I 185 63    2172654   1012061   1160593    918189   1039994     76262    100143      3926      4318     13684     16138     38707     43681    881548    999009     74872     98214      3701      4101     13233     15588
2I 185 64    2103958    970388   1133570    877485   1012803     75853    100291      3738      4328     13312     16148     35723     42651    843766    973034     74491     98270      3520      4081     12888     15534
2I 185 65    1990636    907968   1082668    816662    963175     75595    100368      3573      4004     12138     15121     32993     39388    785705    926613     74146     98360      3381      3788     11743     14519
2I 185 66    1908260    862987   1045273    780283    936229     68771     91948      2952      3613     10981     13483     28090     35227    753882    903336     67583     90281      2804      3432     10628     12997
2I 185 67    1897789    851411   1046378    769622    937475     68195     92167      2907      3480     10687     13256     27078     34524    744314    905253     66962     90512      2721      3295     10336     12794
2I 185 68    1753027    773454    979573    698667    879216     61758     84870      2758      3264     10271     12223     23322     31075    676965    850226     60685     83429      2579      3085      9903     11758
2I 185 69    1721180    748098    973082    671194    867262     64032     90220      2758      3391     10114     12209     23196     31363    649564    838053     62914     88669      2619      3227      9805     11770
2I 185 70    1642833    706501    936332    635755    837755     58754     84621      2396      3260      9596     10696     21727     29990    615505    809782     57761     83180      2303      3091      9205     10289
2I 185 71    1579474    671691    907783    608586    818147     51898     76474      2307      3100      8900     10062     21140     29517    588792    790526     51083     75138      2178      2941      8498      9661
2I 185 72    1489607    626103    863504    566743    777585     48808     73789      2244      2873      8308      9257     19444     27633    548656    751725     47993     72537      2122      2728      7888      8881
2I 185 73    1404648    582603    822045    529583    742942     43578     68124      2003      2651      7439      8328     18445     26122    512342    718378     42863     67026      1882      2509      7071      8010
2I 185 74    1356286    552327    803959    500022    726662     42989     66674      1938      2633      7378      7990     18009     25740    483334    702377     42240     65633      1819      2517      6925      7692
2I 185 75    1266924    508911    758013    460074    685595     40468     62817      1608      2440      6761      7161     16084     22712    445018    664262     39884     61816      1521      2321      6404      6902
2I 185 76    1168464    459260    709204    414964    643250     36676     57465      1563      2279      6057      6210     14513     20815    401437    623608     36079     56642      1479      2167      5752      5972
2I 185 77    1089311    418164    671147    377241    609054     33744     54245      1495      2136      5684      5712     13755     19562    364431    590551     33203     53492      1427      2036      5348      5506
2I 185 78    1000735    377244    623491    341209    568288     29711     48190      1272      1898      5052      5115     12579     18023    329486    551230     29212     47465      1209      1830      4758      4943
2I 185 79     921435    339521    581914    305687    528559     28097     46935      1146      1766      4591      4654     11721     16902    294734    512584     27633     46278      1090      1689      4343      4461
2I 185 80     819416    294376    525040    265264    478398     24382     41103      1054      1486      3676      4053     10187     14952    255767    464153     23974     40608       983      1413      3465      3914
2I 185 81     730538    255146    475392    233397    438726     17877     31941       846      1246      3026      3479      8998     13127    224939    426222     17556     31489       801      1199      2852      3355
2I 185 82     654061    225114    428947    205715    395360     16252     29455       701      1105      2446      3027      7909     11395    198271    384550     15960     29026       663      1057      2311      2919
2I 185 83     594524    199502    395022    182465    364361     14286     27037       584       971      2167      2653      7028     10544    175833    354289     14043     26687       552       930      2046      2572
2I 185 84     536785    175095    361690    159606    332796     12992     25368       560       952      1937      2574      6579     10544    153433    322772     12737     24971       514       910      1832      2493
2I 185 85     468895    149283    319612    135365    294570     11577     22060       530       759      1811      2223      4733      7219    130953    287680     11352     21810       513       730      1732      2173
2I 185 86     401485    124354    277131    112936    256232      9557     18424       441       677      1420      1798      3635      5726    109587    250785      9358     18202       423       643      1351      1775
2I 185 87     343282    102672    240610     92995    222498      8089     16007       397       599      1191      1506      2870      4820     90375    217940      7921     15802       372       560      1134      1488
2I 185 88     282646     81114    201532     73576    186696      6301     13128       321       491       916      1217      2580      4264     71289    182650      6079     12959       306       458       860      1201
2I 185 89     250838     69897    180941     62404    165999      6578     13467       291       464       624      1011      2214      3757     60419    162422      6415     13338       274       432       575       992
2I 185 90     201085     55331    145754     49906    134503      4883     10183       221       376       321       692      1769      2923     48322    131734      4750     10069       202       347       288       681
2I 185 91     163202     43343    119859     39638    110976      3323      7976       142       278       240       629      1361      2451     38391    108653      3242      7877       127       268       222       610
2I 185 92     134185     35194     98991     32271     91269      2620      6946       105       233       198       543      1080      2046     31249     89330      2574      6869        99       218       192       528
2I 185 93     109357     28630     80727     26061     74202      2260      5838        96       188       213       499       848      1663     25262     72624      2232      5783        90       179       198       478
2I 185 94      85048     21630     63418     19632     58109      1718      4625        74       172       206       512       622      1298     19039     56879      1702      4585        69       165       198       491
2I 185 95      60114     14327     45787     12905     41984      1107      3295        77       118       238       390       441       968     12492     41065      1094      3257        71       113       229       384
2I 185 96      43582     10195     33387      9071     30591       865      2427        55        81       204       288       315       694      8771     29935       858      2401        53        75       198       282
2I 185 97      32589      7763     24826      6753     22544       785      2001        66        64       159       217       218       522      6547     22058       780      1980        64        59       154       207
2I 185 98      22839      5373     17466      4697     15812       583      1459        22        55        71       140       158       380      4553     15476       579      1426        18        50        65       134
2I 185 99      17156      4122     13034      3605     11717       513      1206         1        31         3        80       133       290      3483     11455       506      1184         0        28         0        77
2I 185100      23728      3890     19838      2681     17222      1078      2511        38        37        93        68       315       624      2428     16674      1036      2456        32        29        79        55

