2I 486999  240093863 117043403 123050460  99535681 103921915  13746226  15229186    876609    893321   2884887   3006038   9605163   9369553  90615921  95240115  13305754  14785168    788049    808881   2728516   2846743
2I 486  0    3703315   1896299   1807016   1542985   1462297    279277    273983     20161     19644     53876     51092    216980    207458   1342247   1270400    268876    263994     17981     17550     50215     47614
2I 486  1    3546575   1814233   1732342   1478112   1403995    264775    259118     18965     18654     52381     50575    202267    193483   1290628   1224846    255267    249888     17035     16752     49036     47373
2I 486  2    3504771   1793304   1711467   1455954   1381195    264136    258850     19764     19150     53450     52272    199209    190324   1271295   1204840    254729    249883     17880     17284     50191     49136
2I 486  3    3583309   1831870   1751439   1488775   1415646    269056    262638     19960     19551     54079     53604    202145    193833   1300958   1235789    259812    253708     18112     17691     50843     50418
2I 486  4    3585511   1833980   1751531   1488365   1413078    273546    268266     18702     18089     53367     52098    200447    192141   1301847   1234588    264584    259432     16915     16360     50187     49010
2I 486  5    3563095   1823115   1739980   1479790   1403528    272711    267311     18309     17549     52305     51592    195161    186920   1297881   1229509    264212    258998     16630     15930     49231     48623
2I 486  6    3494216   1785990   1708226   1449224   1378416    269604    263719     18207     17791     48955     48300    205311    199727   1258960   1193120    260130    254686     15697     15381     45892     45312
2I 486  7    3386628   1732674   1653954   1404526   1332800    263108    258468     17672     16835     47368     45851    194075    186551   1224867   1160156    254151    249780     15269     14541     44312     42926
2I 486  8    3230313   1653995   1576318   1346898   1275326    246956    242535     16281     15937     43860     42520    187811    180410   1172992   1108131    238288    234316     13957     13708     40947     39753
2I 486  9    3309862   1695945   1613917   1374944   1300768    257039    251822     17426     16467     46536     44860    196382    188878   1193000   1125558    248042    243279     15003     14189     43518     42013
2I 486 10    3269550   1678127   1591423   1361680   1283690    253960    247239     16475     16013     46012     44481    183803    174834   1190502   1120745    245812    239862     14713     14219     43297     41763
2I 486 11    3244926   1663743   1581183   1352907   1279673    247039    241085     16466     15965     47331     44460    178831    171560   1186551   1119398    239116    233993     14803     14404     44442     41828
2I 486 12    3182659   1628218   1554441   1313941   1247092    248431    243754     17318     16930     48528     46665    169585    164104   1156268   1094684    241118    236537     15601     15259     45646     43857
2I 486 13    3312750   1692636   1620114   1365809   1300539    258710    254324     18061     17637     50056     47614    172134    165062   1205883   1147328    251296    247075     16276     15903     47047     44746
2I 486 14    3563127   1823180   1739947   1478255   1404088    274860    269233     18632     17904     51433     48722    176979    170277   1313861   1245999    267360    261712     16703     16120     48277     45839
2I 486 15    3859355   1977088   1882267   1613166   1529960    293236    285851     19127     18383     51559     48073    186168    177943   1440267   1364954    285030    277810     17167     16480     48456     45080
2I 486 16    3759156   1926755   1832401   1580783   1499583    277533    269523     18041     17412     50398     45883    182909    172507   1410719   1339252    269500    261927     16125     15592     47502     43123
2I 486 17    3706510   1903463   1803047   1565012   1476376    270888    264686     18003     16834     49560     45151    185849    170905   1392274   1317679    262351    256841     16189     15164     46800     42458
2I 486 18    3614429   1844304   1770125   1510919   1442347    268045    267955     17115     15898     48225     43925    183251    166419   1341167   1288772    259187    259384     15343     14319     45356     41231
2I 486 19    3916387   1991571   1924816   1634169   1571459    286308    288414     18339     17436     52755     47507    201809    182091   1447945   1403620    276086    278943     16306     15722     49425     44440
2I 486 20    4016930   2051349   1965581   1685085   1605168    293763    295085     18923     17163     53578     48165    212716    186619   1488859   1433201    282865    285351     16855     15418     50054     44992
2I 486 21    4183018   2133463   2049555   1765954   1684306    293499    297616     19506     18065     54504     49568    224698    194934   1558375   1504592    282135    287533     17325     16270     50930     46226
2I 486 22    4217034   2149357   2067677   1794832   1710742    280431    289574     19392     18045     54702     49316    229115    196884   1583031   1529010    269198    279570     17074     16214     50939     45999
2I 486 23    4244867   2152291   2092576   1803463   1732467    275485    290126     18886     17696     54457     52287    237884    203281   1582692   1544702    264379    280139     16676     15756     50660     48698
2I 486 24    4406211   2231802   2174409   1880171   1805669    277759    296954     17720     17460     56152     54326    244078    203956   1654050   1617774    265910    286385     15471     15559     52293     50735
2I 486 25    4427939   2236393   2191546   1890055   1820965    273096    295862     16903     16932     56339     57787    238847    202484   1668549   1634380    261782    285628     14729     14991     52486     54063
2I 486 26    4390355   2211190   2179165   1869575   1810218    269836    292852     16206     16290     55573     59805    231670    198067   1654771   1627537    258759    282788     14197     14578     51793     56195
2I 486 27    4409959   2217541   2192418   1877442   1821882    267395    293541     15435     15990     57269     61005    219726    191323   1673808   1645675    256633    283588     13582     14385     53792     57447
2I 486 28    4226956   2122041   2104915   1801121   1755120    251295    274953     14345     14426     55280     60416    201433    180820   1614092   1588255    241986    266064     12521     12751     52009     57025
2I 486 29    4500402   2262644   2237758   1909431   1854110    274310    300794     15822     16112     63081     66742    211054    191334   1713877   1677438    264108    291325     13924     14416     59681     63245
2I 486 30    4337957   2168912   2169045   1835680   1799712    256143    286103     15801     16865     61288     66365    191958    179719   1657817   1633907    247011    277352     13941     15055     58185     63012
2I 486 31    4159373   2076415   2082958   1763189   1733475    237172    268464     13634     13716     62420     67303    178106    167897   1598060   1578121    228901    260686     12019     12287     59329     63967
2I 486 32    4062046   2022480   2039566   1721026   1703023    226452    257074     14252     14713     60750     64756    165793    159681   1566967   1555786    219062    249475     12807     13227     57851     61397
2I 486 33    3946995   1958189   1988806   1674314   1665847    210921    244132     13980     14689     58974     64138    155798    151500   1529701   1526050    204132    237047     12482     13293     56076     60916
2I 486 34    3995451   1992553   2002898   1702165   1674505    219334    252135     13612     14043     57442     62215    153899    149519   1559491   1536335    212180    244933     12239     12768     54744     59343
2I 486 35    3759368   1866479   1892889   1590170   1577099    208212    240049     14670     16150     53427     59591    144247    141917   1456307   1446205    201611    233259     13296     14720     51018     56788
2I 486 36    3652219   1807110   1845109   1548968   1546049    193477    226340     12544     13739     52121     58981    134875    134997   1423566   1420905    187406    220139     11432     12647     49831     56421
2I 486 37    3638931   1796697   1842234   1543545   1548655    190911    222946     11910     12913     50331     57720    127277    128930   1425445   1429443    185038    216789     10830     11854     48107     55218
2I 486 38    3548946   1748662   1800284   1526116   1539070    166199    196221     10927     11965     45420     53028    118036    120613   1415992   1427209    161293    190905      9954     10965     43387     50592
2I 486 39    3817541   1892907   1924634   1657818   1654694    176065    204239     11108     11431     47916     54270    121786    124518   1544691   1539559    170777    198462     10025     10389     45628     51706
2I 486 40    2871452   1413316   1458136   1218756   1231525    142075    168635     10719     10788     41766     47188    103729    107419   1122672   1132511    137438    163383      9658      9838     39819     44985
2I 486 41    2861397   1407465   1453932   1220454   1235818    137160    163227     10405     11170     39446     43717     99071    101625   1128352   1141776    132860    158546      9519     10274     37663     41711
2I 486 42    2927922   1441239   1486683   1257699   1275326    136472    160801      9959     10409     37109     40147     92695     98116   1171590   1184724    132280    155998      9151      9571     35523     38274
2I 486 43    2957807   1452518   1505289   1272358   1296395    134347    158853      9782     10455     36031     39586     90476     96382   1187975   1207257    130538    154048      9018      9709     34511     37893
2I 486 44    2696294   1326448   1369846   1148613   1166356    135582    158465      8572      9243     33681     35782     85023     87952   1069647   1085244    131581    154015      7925      8541     32272     34094
2I 486 45    2490334   1221723   1268611   1057045   1078477    123867    147720      8190      8269     32621     34145     81448     84870    981301    999965    120236    143532      7543      7639     31195     32605
2I 486 46    2381471   1165437   1216034   1011703   1035072    116562    141934      7727      8299     29445     30729     78691     81726    938493    959443    112945    137896      7168      7682     28140     29287
2I 486 47    2413600   1179231   1234369   1020400   1050301    120202    145128      8052      8238     30577     30702     77123     81377    949166    975314    116369    140805      7470      7627     29103     29246
2I 486 48    2226784   1087691   1139093    950470    978939    103621    125868      6993      7282     26607     27004     69562     73818    885647    910396    100619    122285      6500      6772     25363     25822
2I 486 49    2278159   1114880   1163279    967711    994316    111557    132927      7261      7598     28351     28438     71000     75585    901813    924177    108185    129310      6762      7032     27120     27175
2I 486 50    2250690   1091646   1159044    950282    992141    108478    132166      6702      7281     26184     27456     67099     72726    887874    924629    105411    128558      6186      6789     25076     26342
2I 486 51    2204031   1070919   1133112    942591    979268     98699    121638      6451      6701     23178     25505     66096     70547    880668    913359     95869    118531      5993      6212     22293     24463
2I 486 52    2048371    992753   1055618    867273    907120     97751    116969      6080      6583     21649     24946     59260     64328    812040    847430     95014    113796      5623      6116     20816     23948
2I 486 53    2111991   1019363   1092628    896083    941810     97245    119732      5743      6395     20292     24691     58697     64425    841223    881760     94640    116710      5323      5955     19480     23778
2I 486 54    2205034   1058920   1146114    931278    989210    101606    125445      5792      6497     20244     24962     60791     65097    874458    928416     98802    122496      5397      6057     19472     24048
2I 486 55    2214213   1056804   1157409    930931   1002768    100842    123766      5520      6451     19511     24424     59367     65921    875500    941473     98115    120590      5138      6011     18684     23414
2I 486 56    2237123   1075084   1162039    957032   1014870     94691    118278      5282      5793     18079     23098     58747     64585    901729    954420     92373    115467      4895      5386     17340     22181
2I 486 57    2273371   1080756   1192615    959408   1042513     98315    121032      5262      5829     17771     23241     56840     63592    906006    983424     95954    117877      4894      5423     17062     22299
2I 486 58    2208730   1046398   1162332    937381   1026820     87940    108785      4821      5229     16256     21498     51318     57660    889193    973072     85848    106128      4463      4855     15576     20617
2I 486 59    2237672   1048468   1189204    934278   1046515     92085    114713      5043      5371     17062     22605     50159     57948    887401    992602     89853    111989      4682      4978     16373     21687
2I 486 60    2202819   1021810   1181009    909421   1038087     91199    116224      4732      5156     16458     21542     47320     54288    865189    987547     89114    113731      4402      4772     15785     20671
2I 486 61    2228208   1035971   1192237    931855   1059121     83888    108343      4435      5080     15793     19693     45872     52677    888767   1009821     82042    106052      4095      4749     15195     18938
2I 486 62    2147493    993669   1153824    890207   1021274     82813    108270      4551      5031     16098     19249     43449     48615    849359    976062     81064    105958      4244      4692     15553     18497
2I 486 63    2093494    969650   1123844    872492    998302     77665    102655      4247      4667     15246     18220     40563     45718    834328    955740     76075    100561      3982      4364     14702     17461
2I 486 64    2217424   1021480   1195944    923516   1068454     78952    104705      4054      4714     14958     18071     39670     46012    886074   1025545     77432    102454      3816      4470     14488     17463
2I 486 65    2075736    949994   1125742    855362   1001103     77020    103349      3850      4281     13762     17009     35298     42500    822205    961701     75563    101189      3606      4003     13322     16349
2I 486 66    1935337    877346   1057991    792225    944739     69373     93957      3284      3906     12464     15389     33030     39969    761189    907552     68015     92028      3096      3688     12016     14754
2I 486 67    1887567    846527   1041040    762834    929352     68855     93461      3128      3736     11710     14491     27943     35908    736704    895919     67590     91697      2950      3541     11340     13975
2I 486 68    1827041    812178   1014863    736281    912784     62291     85473      2833      3452     10773     13154     26364     34141    711633    880868     61121     83955      2650      3247     10410     12652
2I 486 69    1757941    763158    994783    685215    888294     64122     89630      2818      3496     11003     13363     23654     32535    663403    858188     62868     87938      2623      3300     10610     12822
2I 486 70    1645566    711263    934303    638514    833237     60295     85935      2550      3124      9904     12007     21638     29551    618390    805692     59252     84486      2397      2959      9586     11615
2I 486 71    1597608    679650    917958    616166    826768     51764     77020      2354      3302      9366     10868     21577     30304    595985    798502     50846     75621      2248      3108      8994     10423
2I 486 72    1503528    631498    872030    572240    784472     47995     74151      2257      3073      9006     10334     20111     28754    553498    757658     47197     72801      2137      2908      8555      9909
2I 486 73    1433991    595845    838146    541797    756377     43929     69580      2057      2850      8062      9339     19134     27510    523882    730567     43173     68396      1946      2705      7710      8968
2I 486 74    1391546    567741    823805    514445    743850     43390     68303      2012      2821      7894      8831     18197     26657    497536    719002     42641     67027      1904      2660      7463      8459
2I 486 75    1304746    525611    779135    475608    703682     41129     64847      1838      2476      7036      8130     17436     25249    459420    679777     40398     63913      1690      2360      6667      7836
2I 486 76    1202059    474106    727953    429267    659419     36844     59083      1610      2426      6385      7025     15227     22555    415069    638245     36227     58105      1498      2302      6085      6746
2I 486 77    1121049    431324    689725    389228    624788     34459     56351      1553      2319      6084      6267     14141     20916    376068    605146     33896     55433      1480      2189      5739      6041
2I 486 78    1028993    388013    640980    351097    583965     30093     49428      1322      2037      5501      5550     13017     18934    338973    566058     29571     48716      1255      1940      5197      5332
2I 486 79     952777    350446    602331    315145    546423     28982     48978      1209      1902      5110      5028     12004     17791    304004    529677     28492     48197      1131      1825      4815      4841
2I 486 80     847417    304605    542812    274890    494743     24610     42225      1035      1593      4070      4251     10624     15667    264979    479890     24168     41652       988      1526      3846      4077
2I 486 81     760713    266128    494585    243259    455778     18606     33676       895      1342      3368      3789      9417     14489    234451    441952     18284     33224       827      1279      3149      3641
2I 486 82     679698    233177    446521    212860    410923     16856     31224       762      1163      2699      3211      8481     12707    204900    398827     16543     30777       717      1111      2536      3099
2I 486 83     611635    203694    407941    185890    375350     14836     28630       621      1035      2347      2926      7432     11078    178883    364866     14556     28213       586       977      2237      2807
2I 486 84     552689    179314    373375    162720    342422     13927     27225       602      1022      2065      2706      6346      9905    156787    333004     13691     26858       550       983      1940      2625
2I 486 85     483143    153031    330112    138822    303870     11672     23063       537       870      2000      2309      5948      9829    133271    294540     11415     22687       506       826      1891      2230
2I 486 86     415955    128279    287676    116909    265859      9287     19033       447       708      1636      2076      4374      6940    112824    259249      9091     18803       431       676      1559      2008
2I 486 87     356052    106649    249403     96540    230353      8433     16839       410       625      1266      1586      3205      5293     93618    225340      8263     16623       382       585      1181      1562
2I 486 88     291440     83965    207475     75949    192006      6643     13628       357       535      1016      1306      2652      4366     73541    187881      6476     13437       334       504       962      1287
2I 486 89     256783     69820    186963     62048    171058      6631     14256       338       478       803      1171      2187      3791     60104    167469      6457     14098       315       453       757      1152
2I 486 90     195477     50828    144649     45907    133951      4210      9621       226       347       485       730      1680      3052     44401    131048      4094      9517       208       312       445       720
2I 486 91     163126     42411    120715     38625    111993      3382      7830       145       284       259       608      1383      2531     37367    109595      3301      7734       130       269       230       586
2I 486 92     136316     35182    101134     32152     93165      2772      7166        92       235       166       568      1127      2130     31088     91141      2723      7087        88       224       156       552
2I 486 93     112432     28991     83441     26423     76604      2329      6192        92       192       147       453       906      1773     25575     74940      2294      6114        85       179       131       435
2I 486 94      89318     22402     66916     20338     61163      1829      5100        75       173       160       480       684      1400     19698     59828      1800      5057        69       169       151       462
2I 486 95      63267     14690     48577     13268     44497      1133      3515        77       143       212       422       465      1044     12826     43519      1124      3469        72       132       203       413
2I 486 96      45128     10061     35067      8958     32122       826      2529        56        96       221       320       350       760      8630     31402       817      2502        51        89       213       314
2I 486 97      32826      7421     25405      6390     23017       759      2067        61        71       211       250       244       571      6165     22483       751      2050        56        64       205       237
2I 486 98      23568      5491     18077      4759     16374       601      1484        51        56        80       163       166       421      4604     15998       598      1453        49        49        74       156
2I 486 99      19109      4749     14360      4148     12813       580      1373        16        60         5       114       169       343      4000     12505       568      1351        12        53         0       108
2I 486100      27460      5211     22249      3831     19171      1176      2851        64        81       140       146       384       760      3532     18527      1120      2778        51        61       124       123
2I 786999  240650755 117324112 123326643  99718634 104094010  13787796  15275071    884764    901438   2932918   3056124   9711281   9464066  90708959  95332641  13337881  14822527    793730    814809   2772261   2892600
2I 786  0    3699552   1893241   1806311   1538387   1460451    280432    274763     20230     19652     54192     51445    219320    210129   1335693   1266229    269805    264576     17978     17492     50445     47885
2I 786  1    3587714   1835834   1751880   1494722   1418300    268210    263065     19344     18961     53558     51554    207665    198426   1302517   1234863    258295    253416     17307     16964     50050     48211
2I 786  2    3487636   1784171   1703465   1448165   1375551    263079    256717     19573     19056     53354     52141    199663    190969   1263294   1198755    253519    247653     17648     17140     50047     48948
2I 786  3    3578320   1830662   1747658   1487134   1411515    268667    262418     20153     19684     54708     54041    202967    194252   1298813   1231527    259259    253334     18241     17765     51382     50780
2I 786  4    3609279   1845681   1763598   1496553   1421594    275743    270462     19249     18603     54136     52939    203665    195401   1307272   1240323    266490    261326     17386     16799     50868     49749
2I 786  5    3568272   1825479   1742793   1482371   1406556    271522    266051     18379     17750     53207     52436    198204    189978   1297848   1229887    262786    257515     16622     16052     50019     49361
2I 786  6    3517951   1798421   1719530   1458925   1386842    270938    265425     18227     17756     50331     49507    203859    197449   1269794   1203567    261666    256536     15863     15488     47239     46490
2I 786  7    3430419   1754430   1675989   1421928   1350249    265878    261626     17969     17044     48655     47070    198147    191143   1238688   1173464    256636    252695     15464     14650     45495     44037
2I 786  8    3212175   1644732   1567443   1337542   1266784    245892    241038     16536     16147     44762     43474    187659    179983   1164055   1100303    237103    232696     14145     13844     41770     40617
2I 786  9    3369581   1727499   1642082   1399112   1322302    263650    257409     17617     16775     47120     45596    198682    191162   1215308   1145221    254440    248639     15080     14401     43989     42659
2I 786 10    3253109   1668541   1584568   1354079   1277948    251284    245744     16726     16109     46452     44767    185889    176789   1181162   1113451    242944    238106     14902     14263     43644     41959
2I 786 11    3259800   1671127   1588673   1357770   1284491    249418    243421     16512     16046     47427     44715    180891    173530   1189612   1122496    241312    236223     14805     14418     44507     42006
2I 786 12    3181455   1628340   1553115   1315257   1247326    246841    241730     17266     16855     48976     47204    171231    165698   1156154   1093438    239375    234429     15539     15186     46041     44364
2I 786 13    3285552   1679012   1606540   1353219   1288442    256986    252645     18114     17705     50693     47748    172691    165861   1192937   1134630    249454    245285     16304     15943     47626     44821
2I 786 14    3494318   1788169   1706149   1446008   1372634    271444    266224     18509     17763     52208     49528    176134    168905   1282565   1216024    263922    258644     16562     15966     48986     46610
2I 786 15    3831207   1963025   1868182   1597223   1514067    294153    286562     19215     18479     52434     49074    186590    178337   1424073   1348820    285897    278479     17219     16542     49246     46004
2I 786 16    3769121   1932640   1836481   1589336   1506857    274107    265486     18359     17668     50838     46470    187218    175920   1415414   1343506    265817    257667     16372     15796     47819     43592
2I 786 17    3730292   1914563   1815729   1569081   1482170    275901    269662     18167     17058     51414     46839    188738    173477   1393826   1321156    267198    261734     16278     15321     48523     44041
2I 786 18    3622712   1849004   1773708   1514648   1445578    267555    266955     17210     15934     49591     45241    185068    167327   1343236   1291265    258622    258315     15414     14330     46664     42471
2I 786 19    3902015   1985674   1916341   1628884   1563677    284381    286550     18358     17361     54051     48753    203199    182643   1441554   1395487    274005    276994     16276     15622     50640     45595
2I 786 20    3982310   2033798   1948512   1670468   1590664    290412    291946     18662     17045     54256     48857    213200    186850   1473986   1418700    279397    282084     16562     15269     50653     45609
2I 786 21    4126882   2106195   2020687   1739816   1656924    291804    295528     19408     17870     55167     50365    226231    195329   1531058   1477015    280252    285342     17171     16054     51483     46947
2I 786 22    4208493   2146857   2061636   1790570   1703518    281265    290006     19442     18137     55580     49975    230209    198131   1578027   1520815    269782    279797     17085     16279     51754     46614
2I 786 23    4242601   2152233   2090368   1801684   1728669    275957    290534     19083     17829     55509     53336    239992    204661   1579209   1539817    264597    280361     16812     15862     51623     49667
2I 786 24    4381964   2219619   2162345   1866804   1793134    277438    296157     17898     17504     57479     55550    245844    205642   1639236   1603802    265412    285475     15607     15561     53520     51865
2I 786 25    4451797   2248581   2203216   1898669   1830412    275445    297244     17097     17128     57370     58432    241622    204417   1674866   1642204    263840    286798     14840     15137     53413     54660
2I 786 26    4368587   2199395   2169192   1858967   1800054    267580    292045     16435     16500     56413     60593    235222    201229   1641069   1614670    256232    281721     14360     14701     52512     56871
2I 786 27    4413667   2219482   2194185   1875762   1820881    269673    295046     15676     16227     58371     62031    222944    193345   1669412   1642953    258605    284910     13744     14607     54777     58370
2I 786 28    4212896   2116152   2096744   1796682   1748560    249192    272766     14558     14641     55720     60777    203518    182044   1607901   1580740    239647    263687     12731     12954     52355     57319
2I 786 29    4571176   2297095   2274081   1937808   1883325    278582    305938     15759     15992     64946     68826    214799    194029   1738923   1704361    268169    296249     13779     14243     61425     65199
2I 786 30    4335756   2168925   2166831   1834420   1797023    256526    285998     16106     17109     61873     66701    194683    181856   1654257   1629433    247110    276992     14186     15243     58689     63307
2I 786 31    4171462   2082677   2088785   1766707   1736745    238945    269608     14147     14407     62878     68025    181512    170848   1598607   1578838    230372    261591     12444     12880     59742     64628
2I 786 32    4098427   2041078   2057349   1735609   1715360    229121    261114     14159     14572     62189     66303    168958    161944   1578829   1566045    221427    253384     12684     13085     59180     62891
2I 786 33    3961231   1965627   1995604   1677816   1669949    213903    245893     14054     14793     59854     64969    159112    153929   1530249   1528145    206885    238559     12514     13344     56867     61627
2I 786 34    3984829   1987772   1997057   1698461   1669141    217642    250727     13653     14020     58016     63169    155167    150988   1554722   1529797    210377    243372     12241     12712     55265     60188
2I 786 35    3847722   1909482   1938240   1627324   1615726    212349    245187     14852     16298     54957     61029    146643    143782   1491450   1483199    205520    238216     13420     14831     52449     58212
2I 786 36    3643106   1804206   1838900   1544356   1538713    194356    226740     13063     14315     52431     59132    137674    137133   1416540   1411753    188048    220371     11873     13144     50071     56499
2I 786 37    3662446   1807940   1854506   1551428   1556900    192996    225530     12005     13046     51511     59030    129222    130599   1431615   1436259    186953    219224     10913     11967     49237     56457
2I 786 38    3473607   1714622   1758985   1489062   1496144    168181    197170     11096     12082     46283     53589    119362    121711   1377926   1383427    163072    191689     10091     11064     44171     51094
2I 786 39    4036310   1997686   2038624   1751452   1754821    184417    214408     11346     11823     50471     57572    124490    127000   1635866   1637450    178955    208482     10242     10746     48133     54946
2I 786 40    2907637   1433642   1473995   1239110   1247569    142145    168329     10896     10964     41491     47133    106821    110713   1140204   1145576    137363    162921      9775      9967     39479     44818
2I 786 41    2860811   1407305   1453506   1218791   1233314    137692    164157     10482     11118     40340     44917    100188    102474   1125811   1138572    133266    159366      9558     10207     38482     42887
2I 786 42    2885832   1420684   1465148   1237104   1253672    135918    160025     10130     10674     37532     40777     94091     98927   1149788   1162410    131620    155182      9294      9797     35891     38832
2I 786 43    3024533   1484593   1539940   1300957   1327049    136343    161414     10023     10666     37270     40811     92087     98062   1215226   1236485    132367    156451      9228      9892     35685     39050
2I 786 44    2738757   1348595   1390162   1169573   1185522    136317    158858      8654      9395     34051     36387     86029     89443   1089656   1103061    132292    154309      7989      8677     32629     34672
2I 786 45    2526956   1239918   1287038   1072566   1094062    125889    149747      8282      8374     33181     34855     82067     85483    996306   1015058    122179    145500      7620      7722     31746     33275
2I 786 46    2396965   1173226   1223739   1018731   1041979    116505    142009      7933      8428     30057     31323     79705     82634    944660    965550    112796    137912      7337      7797     28728     29846
2I 786 47    2404476   1174734   1229742   1015254   1044728    120588    145364      8100      8363     30792     31287     77936     82082    943314    969174    116658    140981      7516      7729     29310     29776
2I 786 48    2247188   1097612   1149576    959325    988217    104041    126489      7102      7363     27144     27507     70058     74423    894137    919219    100980    122809      6589      6838     25848     26287
2I 786 49    2307839   1129660   1178179    979256   1005546    113866    135638      7402      7725     29136     29270     72012     76438    912486    934689    110429    131943      6886      7141     27847     27968
2I 786 50    2246661   1090325   1156336    949241    989945    107737    131461      6763      7369     26584     27561     67241     73073    886762    922181    104645    127812      6230      6863     25447     26407
2I 786 51    2165999   1052553   1113446    924252    960616     98379    120485      6527      6800     23395     25545     66477     70999    862082    894364     95470    117311      6058      6305     22466     24467
2I 786 52    2084449   1010482   1073967    884421    924138     97833    118028      6154      6592     22074     25209     60444     65380    828021    863429     95083    114838      5690      6113     21244     24207
2I 786 53    2097832   1013450   1084382    889843    934169     97078    118884      5869      6491     20660     24838     59118     64995    834683    873724     94420    115758      5428      6031     19801     23874
2I 786 54    2187347   1050800   1136547    923038    979755    101330    124886      5827      6501     20605     25405     60126     64761    866905    919333     98526    121944      5421      6051     19822     24458
2I 786 55    2194673   1047828   1146845    921720    992000    100830    123834      5541      6520     19737     24491     59328     65461    866378    931153     98067    120659      5159      6080     18896     23492
2I 786 56    2232184   1070421   1161763    952117   1013881     94600    118576      5318      5910     18386     23396     59213     65405    896448    952723     92214    115696      4926      5488     17620     22451
2I 786 57    2268961   1081103   1187858    959564   1037584     98177    120875      5325      5861     18037     23538     57458     64249    905602    977875     95795    117711      4946      5449     17302     22574
2I 786 58    2189784   1037287   1152497    928368   1016865     87663    108570      4874      5282     16382     21780     51702     58243    879830    962661     85560    105837      4505      4902     15690     20854
2I 786 59    2249659   1056699   1192960    942004   1049827     92225    114772      5082      5443     17388     22918     51012     58432    894363    995464     89938    112015      4709      5046     16677     22003
2I 786 60    2200022   1020318   1179704    907706   1036300     91277    116248      4762      5187     16573     21969     47562     54809    863322    985347     89131    113689      4429      4788     15874     21071
2I 786 61    2205903   1025411   1180492    921272   1047021     83721    108311      4498      5059     15920     20101     46067     53212    878023    997249     81861    105991      4151      4722     15309     19318
2I 786 62    2155021    997046   1157975    893311   1024774     82966    108482      4524      5107     16245     19612     43751     49494    852212    978717     81208    106164      4205      4763     15670     18837
2I 786 63    2107009    976114   1130895    878552   1004694     77886    102998      4293      4744     15383     18459     41299     46396    839698    961544     76271    100842      4017      4429     14829     17684
2I 786 64    2190911   1007583   1183328    908739   1054636     79386    105364      4131      4775     15327     18553     40017     46393    871022   1011429     77827    103079      3887      4517     14830     17910
2I 786 65    2097027    959249   1137778    863714   1012073     77605    104112      3900      4342     14030     17251     36001     43153    829872    972028     76144    101936      3649      4063     13583     16598
2I 786 66    1954564    886836   1067728    801200    953512     69537     94398      3349      3997     12750     15821     33619     40807    769620    915590     68165     92416      3148      3764     12284     15151
2I 786 67    1897611    852011   1045600    767828    933126     69028     93925      3184      3776     11971     14773     28859     36798    740840    898871     67720     92115      2997      3581     11595     14235
2I 786 68    1817364    807024   1010340    730646    907604     62529     85877      2868      3508     10981     13351     26352     34301    705991    875542     61381     84349      2689      3300     10611     12848
2I 786 69    1777356    773836   1003520    695792    896815     64152     89588      2819      3516     11073     13601     24278     33074    673406    866216     62856     87873      2622      3316     10674     13041
2I 786 70    1654637    714563    940074    641477    838649     60492     86038      2558      3132     10036     12255     21643     29677    621401    811010     59437     84590      2391      2958      9691     11839
2I 786 71    1597134    680522    916612    616567    824937     52144     77333      2399      3310      9412     11032     21667     30387    596291    796640     51216     75885      2282      3113      9066     10587
2I 786 72    1505523    632384    873139    573178    785375     47860     74136      2243      3100      9103     10528     20135     28892    554423    758444     47050     72790      2130      2930      8646     10083
2I 786 73    1438053    597690    840363    543674    758271     43816     69690      2073      2905      8127      9497     19293     27821    525594    732197     43061     68475      1961      2755      7781      9115
2I 786 74    1397990    570767    827223    517268    746857     43429     68493      2016      2830      8054      9043     18320     26878    500228    721801     42685     67213      1911      2669      7623      8662
2I 786 75    1312600    529234    783366    478909    707318     41382     65336      1873      2525      7070      8187     17521     25523    462667    683207     40634     64351      1716      2400      6696      7885
2I 786 76    1209773    477747    732026    432681    662971     36933     59446      1655      2424      6478      7185     15477     23008    418281    641338     36287     58480      1536      2302      6166      6898
2I 786 77    1128442    434639    693803    392384    628223     34587     56828      1548      2359      6120      6393     14239     21211    379119    608322     34035     55881      1474      2223      5772      6166
2I 786 78    1035265    390726    644539    353614    587055     30248     49815      1331      2056      5533      5613     13121     19209    341387    568917     29725     49072      1262      1955      5231      5386
2I 786 79     959601    353005    606596    317401    550092     29181     49466      1215      1915      5208      5123     12061     17931    306219    533213     28693     48695      1134      1833      4898      4924
2I 786 80     854281    307301    546980    277338    498499     24790     42556      1045      1633      4128      4292     10657     15836    267396    483501     24342     41948       998      1564      3908      4131
2I 786 81     767368    268728    498640    245668    459430     18732     34026       888      1357      3440      3827      9499     14654    236787    445470     18402     33561       826      1300      3214      3655
2I 786 82     687254    236022    451232    215383    415118     17103     31673       781      1190      2755      3251      8547     12972    207362    402760     16790     31232       727      1129      2596      3139
2I 786 83     616432    205290    411142    187331    378182     14937     28945       632      1047      2390      2968      7541     11308    180224    367481     14654     28523       598       984      2273      2846
2I 786 84     557274    180713    376561    163849    345151     14137     27642       620      1028      2107      2740      6376      9903    157897    335738     13897     27270       562       994      1981      2656
2I 786 85     487345    154402    332943    139966    306283     11890     23441       534       890      2012      2329      5984      9830    134379    296960     11633     23066       507       845      1899      2242
2I 786 86     419322    129315    290007    117961    268010      9243     19187       442       721      1669      2089      4581      7427    113671    260942      9047     18923       426       691      1590      2024
2I 786 87     360256    108035    252221     97888    232910      8432     17045       410       637      1305      1629      3297      5460     94871    227735      8263     16839       386       587      1218      1600
2I 786 88     294413     85108    209305     76995    193646      6740     13802       357       535      1016      1322      2688      4372     74550    189503      6577     13614       332       508       961      1308
2I 786 89     260364     71073    189291     63080    173105      6807     14505       344       487       842      1194      2206      3817     61119    169499      6639     14349       321       454       788      1172
2I 786 90     197159     51211    145948     46208    135046      4246      9796       238       354       519       752      1673      3086     44711    132122      4125      9681       216       323       486       736
2I 786 91     162038     41434    120604     37750    112027      3228      7660       143       287       313       630      1368      2562     36508    109613      3152      7567       135       256       271       606
2I 786 92     137486     35613    101873     32471     93878      2863      7205       101       235       178       555      1137      2144     31407     91838      2814      7124        89       225       166       542
2I 786 93     113820     29402     84418     26763     77465      2404      6294        89       191       146       468       922      1788     25905     75783      2366      6217        82       182       127       448
2I 786 94      90887     22869     68018     20768     62144      1865      5225        75       175       161       474       699      1429     20116     60790      1833      5180        69       168       152       451
2I 786 95      64745     15033     49712     13600     45507      1148      3622        76       142       209       441       471      1065     13150     44513      1138      3571        72       129       202       434
2I 786 96      46252     10306     35946      9192     32939       852      2575        55        98       207       334       345       766      8865     32207       844      2554        52        91       200       328
2I 786 97      33650      7604     26046      6541     23599       752      2114        66        73       245       260       251       583      6306     23057       747      2093        61        66       239       247
2I 786 98      23940      5542     18398      4771     16638       606      1529        47        56       118       175       170       437      4615     16251       603      1495        43        49       111       166
2I 786 99      19673      4924     14749      4296     13165       599      1399        21        60         8       125       165       359      4143     12844       593      1375        18        53         5       118
2I 786100      30698      6898     23800      5458     20530      1242      3007        65        92       133       171       425       771      5136     19876      1170      2938        51        70       116       145
2I1086999  241274438 117639450 123634988  99926862 104289505  13839040  15330747    893485    910052   2980063   3104684   9819712   9559692  90825399  95447658  13379439  14869574    799853    821134   2815047   2936930
2I1086  0    3696857   1891698   1805159   1535247   1458542    281399    275318     20358     19632     54694     51667    222220    213039   1330101   1261780    270511    264906     18026     17409     50840     48025
2I1086  1    3598912   1842344   1756568   1499110   1420670    269222    264348     19582     19151     54430     52399    211194    201620   1303898   1234541    259002    254403     17453     17068     50797     48936
2I1086  2    3517141   1798715   1718426   1459155   1387438    265514    258925     19735     19259     54311     52804    202929    194178   1271518   1207879    255666    249602     17727     17261     50875     49506
2I1086  3    3550276   1816536   1733740   1475396   1399287    266379    260653     20029     19607     54732     54193    202343    193540   1287874   1220208    256870    251463     18082     17645     51367     50884
2I1086  4    3615811   1849397   1766414   1498405   1423021    275512    269831     19927     19208     55553     54354    206229    197792   1307007   1239769    266030    260481     17971     17320     52160     51052
2I1086  5    3577799   1830190   1747609   1485589   1410024    272066    266605     18427     17844     54108     53136    201270    193068   1298429   1230697    263069    257811     16588     16068     50834     49965
2I1086  6    3538681   1810323   1728358   1468798   1394073    271605    266013     18750     18368     51170     49904    207658    200576   1276047   1207878    262180    256932     16485     16191     47953     46781
2I1086  7    3473171   1775082   1698089   1437645   1367531    269119    264392     18236     17241     50082     48925    201637    195260   1251346   1187056    259641    255245     15628     14741     46830     45787
2I1086  8    3218948   1648551   1570397   1337779   1265738    248196    243623     16754     16190     45822     44846    186220    178107   1165901   1101309    239334    235206     14319     13848     42777     41927
2I1086  9    3406029   1745933   1660096   1414270   1336761    265887    260205     17765     17114     48011     46016    200720    193256   1228861   1158012    256473    251241     15106     14620     44773     42967
2I1086 10    3266363   1674902   1591461   1358203   1283351    252770    246398     16990     16181     46939     45531    187841    178681   1183716   1117364    244233    238448     15102     14308     44010     42660
2I1086 11    3244510   1663878   1580632   1350981   1276412    248979    243123     16560     16170     47358     44927    182520    174960   1181412   1113252    240715    235840     14801     14437     44430     42143
2I1086 12    3204521   1641204   1563317   1325743   1256247    248004    242879     17316     16816     50141     47375    174037    168023   1164144   1100176    240315    235456     15572     15158     47136     44504
2I1086 13    3265610   1668055   1597555   1344747   1280883    254430    250295     18043     17694     50835     48683    172203    166029   1185083   1127045    246833    242871     16215     15909     47721     45701
2I1086 14    3416173   1747991   1668182   1410714   1339729    266228    261207     18558     17810     52491     49436    176854    168870   1246794   1183439    258560    253443     16580     15986     49203     46444
2I1086 15    3770666   1929743   1840923   1565474   1487146    291329    284649     19143     18385     53797     50743    185496    177500   1393444   1322794    283154    276590     17117     16420     50532     47619
2I1086 16    3801594   1952255   1849339   1602116   1514183    280102    270129     18682     17953     51355     47074    191291    179033   1424596   1348094    271514    262090     16636     16038     48218     44084
2I1086 17    3759320   1929403   1829917   1578692   1492292    279419    272181     18352     17268     52940     48176    192055    176203   1400502   1328822    270566    264157     16369     15455     49911     45280
2I1086 18    3628466   1852206   1776260   1521244   1450529    263445    263841     17330     16084     50187     45806    187246    168621   1347885   1295076    254382    255155     15496     14439     47197     42969
2I1086 19    3882706   1978129   1904577   1620364   1552109    283905    285147     18395     17185     55465     50136    204486    182965   1431956   1383767    273419    275508     16270     15429     51998     46908
2I1086 20    3936807   2010385   1926422   1649710   1571674    287453    288655     18452     17075     54770     49018    214166    187300   1452530   1399481    276285    278671     16323     15266     51081     45704
2I1086 21    4070685   2079323   1991362   1715264   1630525    289143    292440     19241     17508     55675     50889    226932    194792   1506102   1451221    277496    282219     16919     15688     51874     47442
2I1086 22    4189582   2136952   2052630   1779919   1693369    281533    290421     19451     18256     56049     50584    231538    199269   1566285   1509814    269843    280083     17099     16345     52187     47119
2I1086 23    4225663   2145733   2079930   1794028   1718158    276305    290236     19178     17916     56222     53620    240590    205015   1571333   1529156    264747    279887     16816     15945     52247     49927
2I1086 24    4356178   2206551   2149627   1853298   1780367    276809    295079     18246     17680     58198     56501    248332    208517   1623508   1588464    264624    284290     15917     15673     54170     52683
2I1086 25    4436294   2242081   2194213   1890482   1821027    276005    297118     17220     17160     58374     58908    243551    205273   1665212   1632163    264146    286519     14888     15160     54284     55098
2I1086 26    4385250   2207069   2178181   1865565   1807776    267797    292575     16574     16762     57133     61068    238062    203617   1645141   1620406    256227    282056     14461     14839     53178     57263
2I1086 27    4435615   2232505   2203110   1885521   1827505    271581    296215     16022     16394     59381     62996    226745    196120   1675906   1647151    260255    285869     13974     14749     55625     59221
2I1086 28    4188244   2103934   2084310   1784701   1735347    248483    273105     14749     15007     56001     60851    205046    182805   1594722   1566950    238649    263887     12930     13304     52587     57364
2I1086 29    4571886   2296679   2275207   1936011   1883820    279244    305484     15832     15903     65592     70000    218663    196742   1733685   1702567    268653    295550     13745     14112     61933     66236
2I1086 30    4391288   2197470   2193818   1856820   1817509    261125    291510     16132     17017     63393     67782    197268    183865   1674438   1648256    251436    282268     14199     15115     60129     64314
2I1086 31    4176234   2086069   2090165   1768634   1736791    239879    269909     14857     15399     62699     68066    184487    173401   1597981   1576749    231035    261638     13033     13739     59533     64638
2I1086 32    4121781   2053340   2068441   1743819   1722821    232082    264054     14094     14405     63345     67161    172835    164721   1583722   1570921    223984    256175     12579     12929     60220     63695
2I1086 33    3982513   1976306   2006207   1684306   1676296    217347    249122     14006     14790     60647     65999    161128    155691   1534934   1533053    210165    241598     12470     13301     57609     62564
2I1086 34    4031398   2009865   2021533   1716530   1688957    219743    253442     13870     14203     59722     64931    158371    153741   1569948   1547307    212297    245864     12391     12832     56858     61789
2I1086 35    3884434   1929788   1954646   1645312   1629666    213792    247153     14861     16176     55823     61651    147855    144913   1508568   1496195    206785    240030     13372     14705     53208     58803
2I1086 36    3645754   1806172   1839582   1543587   1537587    196274    227951     13634     14990     52677     59054    140347    138970   1413521   1409139    189684    221403     12361     13719     50259     56351
2I1086 37    3677358   1816546   1860812   1556410   1559278    195341    228080     12141     13192     52654     60262    132012    133019   1434068   1436428    189103    221628     11033     12094     50330     57643
2I1086 38    3474691   1713207   1761484   1481928   1491223    172536    202933     11212     12195     47531     55133    120176    122310   1370247   1378180    167254    197279     10172     11147     45358     52568
2I1086 39    4059279   2008336   2050943   1755795   1760330    188849    218823     11548     12082     52144     59708    126946    129275   1638007   1640921    183192    212707     10422     10995     49769     57045
2I1086 40    3124879   1545019   1579860   1342843   1345056    148274    174876     11259     11419     42643     48509    110842    114585   1240306   1239569    143295    169324     10073     10350     40503     46032
2I1086 41    2839658   1396167   1443491   1207808   1223617    137103    163281     10421     10871     40835     45722    100764    103238   1114418   1128284    132568    158340      9471      9952     38946     43677
2I1086 42    2862602   1409310   1453292   1225140   1240804    135681    160139     10372     10996     38117     41353     96090     99983   1136052   1148629    131265    155256      9494     10080     36409     39344
2I1086 43    3048147   1494904   1553243   1308260   1336707    138126    163638     10210     10847     38308     42051     93082     99193   1221778   1245252    133978    158550      9389     10035     36677     40213
2I1086 44    2809853   1385436   1424417   1204960   1218356    137113    159379      8809      9591     34554     37091     88025     91824   1123184   1133703    133028    154684      8115      8859     33084     35347
2I1086 45    2571113   1261802   1309311   1091101   1112930    128598    152231      8336      8524     33767     35626     82376     86006   1014653   1033558    124781    147905      7674      7841     32318     34001
2I1086 46    2416768   1183334   1233434   1027902   1050303    116715    142575      8094      8460     30623     32096     80428     83118    953238    973436    112971    138471      7448      7822     29249     30587
2I1086 47    2393327   1169630   1223697   1009499   1038284    120829    145165      8193      8557     31109     31691     79307     83141    936353    961788    116737    140739      7611      7897     29622     30132
2I1086 48    2268556   1108090   1160466    968501    997751    104730    127361      7181      7443     27678     27911     70429     74890    903084    928451    101599    123570      6649      6898     26329     26657
2I1086 49    2333664   1142803   1190861    989909   1015447    115659    137590      7543      7887     29692     29937     73386     77678    921863    943559    112184    133744      7008      7283     28362     28597
2I1086 50    2239474   1087557   1151917    946873    986520    106843    130273      6872      7430     26969     27694     67323     73270    884431    918600    103683    126652      6322      6899     25798     26496
2I1086 51    2193862   1066228   1127634    934477    971005    100816    123305      6514      6912     24421     26412     66545     71360    872319    904584     97876    119994      6037      6421     23451     25275
2I1086 52    2119264   1027440   1091824    900747    940609     97933    119037      6294      6646     22466     25532     62126     66877    842778    878410     95107    115861      5816      6155     21613     24521
2I1086 53    2084913   1008119   1076794    884108    927023     97048    118128      5929      6518     21034     25125     59298     65020    828818    866684     94363    114912      5475      6044     20165     24134
2I1086 54    2170375   1043024   1127351    915105    970521    101089    124375      5934      6621     20896     25834     60058     65480    859162    909570     98241    121342      5500      6144     20063     24815
2I1086 55    2175162   1038803   1136359    912496    981306    100728    123824      5534      6513     20045     24716     58938     64409    857549    921399     97960    120728      5151      6081     19205     23742
2I1086 56    2227608   1065910   1161698    947343   1012849     94554    119022      5339      6021     18674     23806     59538     66024    891468    951197     92077    116059      4950      5583     17877     22835
2I1086 57    2264234   1081295   1182939    959572   1032571     97952    120738      5426      5898     18345     23732     58284     65070    904867    972081     95536    117572      5027      5480     17581     22736
2I1086 58    2171797   1028822   1142975    919992   1007225     87332    108376      4909      5328     16589     22046     52006     58804    871172    952595     85226    105544      4535      4935     15883     21097
2I1086 59    2261597   1064643   1196954    949552   1053130     92268    114848      5143      5515     17680     23461     52036     59106    900934    998131     89971    112085      4756      5114     16946     22518
2I1086 60    2197609   1019197   1178412    906271   1034519     91312    116367      4779      5244     16835     22282     47679     55312    861856    983173     89107    113713      4438      4844     16117     21370
2I1086 61    2184891   1015584   1169307    911288   1035344     83630    108374      4552      5005     16114     20584     46439     53533    867740    985330     81740    106037      4205      4650     15460     19757
2I1086 62    2162177   1000236   1161941    896387   1028116     83041    108710      4539      5183     16269     19932     44041     50569    855070    981007     81239    106392      4203      4830     15683     19143
2I1086 63    2120096    982194   1137902    884107   1010887     78114    103442      4310      4811     15663     18762     42081     46980    844508    967221     76483    101227      4025      4493     15097     17981
2I1086 64    2166506    995069   1171437    895401   1041393     79797    106096      4215      4863     15656     19085     40301     46835    857477    997871     78196    103770      3961      4578     15134     18383
2I1086 65    2117567    968056   1149511    871612   1022779     78116    104759      3970      4387     14358     17586     36943     43822    836888    982111     76609    102542      3718      4114     13898     16922
2I1086 66    1974605    896727   1077878    810415    962686     69873     94936      3385      4075     13054     16181     33875     41362    778605    924266     68502     92930      3171      3824     12574     15496
2I1086 67    1907848    857520   1050328    772792    937010     69190     94283      3262      3840     12276     15195     30190     38056    744555    901590     67833     92413      3067      3640     11875     14629
2I1086 68    1810260    803460   1006800    726600    903355     62710     86268      2905      3562     11245     13615     26223     34340    702078    871289     61574     84717      2728      3353     10857     13101
2I1086 69    1795129    783289   1011840    705196    904987     64164     89497      2840      3554     11089     13802     25092     33819    682011    873640     62839     87788      2643      3350     10704     13243
2I1086 70    1664850    718821    946029    645298    844289     60618     86139      2565      3157     10340     12444     21690     29867    625223    816527     59559     84649      2387      2975      9962     12011
2I1086 71    1598063    681935    916128    617579    823912     52502     77623      2438      3273      9416     11320     21662     30320    597319    795676     51564     76182      2302      3079      9088     10871
2I1086 72    1508125    633658    874467    574399    786517     47823     74119      2252      3168      9184     10663     20244     29050    555545    759450     46983     72756      2151      2990      8735     10221
2I1086 73    1442857    599913    842944    545908    760532     43717     69802      2063      2926      8225      9684     19446     28051    527665    734269     42969     68569      1949      2772      7884      9283
2I1086 74    1405014    574009    831005    520401    750204     43415     68671      2036      2886      8157      9244     18527     27247    503185    724797     42654     67379      1931      2726      7712      8856
2I1086 75    1321196    533107    788089    482383    711369     41624     65832      1884      2546      7216      8342     17538     25596    466121    687256     40877     64796      1725      2410      6846      8031
2I1086 76    1217884    481582    736302    436283    666728     37053     59795      1718      2444      6528      7335     15804     23621    421634    644461     36354     58848      1585      2322      6205      7050
2I1086 77    1136563    438184    698379    395759    632153     34670     57259      1553      2387      6202      6580     14345     21549    382376    611982     34128     56263      1481      2249      5854      6336
2I1086 78    1042468    393846    648622    356527    590654     30375     50169      1339      2081      5605      5718     13197     19477    344228    572280     29852     49399      1270      1975      5299      5491
2I1086 79     966710    355657    611053    319743    553956     29398     49940      1219      1952      5297      5205     12193     18102    308435    536898     28902     49192      1136      1864      4991      4997
2I1086 80     861444    310066    551378    279860    502509     24922     42865      1059      1645      4225      4359     10695     16011    269908    487363     24474     42234      1004      1578      3985      4192
2I1086 81     774571    271503    503068    248255    463478     18865     34354       887      1383      3496      3853      9593     14799    239274    449397     18526     33868       833      1331      3277      3673
2I1086 82     695009    238842    456167    217924    419530     17272     32091       795      1211      2851      3335      8658     13266    209809    406891     16963     31650       733      1142      2679      3218
2I1086 83     621909    207075    414834    188937    381527     15055     29279       645      1054      2438      2974      7630     11561    181753    370574     14768     28849       610       995      2314      2855
2I1086 84     561846    181995    379851    164941    347998     14282     28008       630      1041      2142      2804      6474     10102    158885    338417     14040     27612       571      1003      2025      2717
2I1086 85     491891    155760    336131    141119    309087     12077     23794       538       909      2026      2341      5869      9533    135645    300047     11832     23435       511       863      1903      2253
2I1086 86     422784    130325    292459    118918    270297      9236     19314       446       746      1725      2102      4881      8041    114349    262648      9030     19033       424       709      1641      2028
2I1086 87     364172    109154    255018     98997    235473      8408     17211       412       653      1337      1681      3384      5652     95883    230117      8244     17000       390       600      1253      1649
2I1086 88     297521     86106    211415     77941    195605      6774     13921       357       540      1034      1349      2747      4472     75439    191360      6610     13743       332       508       978      1332
2I1086 89     263993     72171    191822     64007    175297      6962     14802       336       505       866      1218      2218      3823     62024    171699      6807     14637       317       463       805      1200
2I1086 90     198525     51351    147174     46309    136188      4239      9860       249       347       554       779      1673      3085     44814    133268      4117      9738       225       318       522       765
2I1086 91     162173     41202    120971     37556    112498      3165      7573       140       266       341       634      1349      2594     36327    110036      3091      7475       133       254       302       612
2I1086 92     137603     35260    102343     32138     94385      2835      7160       105       245       182       553      1146      2147     31067     92338      2787      7088        95       231       165       539
2I1086 93     114844     29604     85240     26909     78206      2454      6363        91       190       150       481       930      1819     26042     76499      2416      6284        83       181       133       457
2I1086 94      91865     23020     68845     20920     62886      1889      5306        73       179       138       474       711      1453     20256     61508      1855      5261        67       172       131       451
2I1086 95      65540     15142     50398     13693     46157      1158      3688        76       139       215       414       471      1073     13247     45151      1145      3640        73       128       206       406
2I1086 96      47164     10503     36661      9375     33597       861      2616        51       102       216       346       365       778      9034     32854       849      2594        47        95       208       340
2I1086 97      33991      7562     26429      6516     23939       760      2149        70        74       216       267       247       601      6285     23381       756      2126        65        68       209       253
2I1086 98      24012      5481     18531      4722     16759       594      1539        46        56       119       177       176       439      4561     16372       589      1504        43        48       112       168
2I1086 99      19874      4942     14932      4276     13303       607      1440        27        58        32       131       175       387      4114     12967       600      1407        24        51        29       120
2I1086100      31948      7160     24788      5700     21390      1261      3105        64        98       135       195       430       795      5365     20717      1203      3033        49        78       113       165
2I 187999  241784275 117896959 123887316 100087428 104438557  13884190  15380899    901894    918487   3023447   3149373   9920959   9649606  90900973  95521591  13415139  14911276    805676    827290   2854212   2977553
2I 187  0    3684415   1885014   1799401   1526468   1450552    283171    277216     20366     19635     55009     51998    223290    214198   1320678   1253031    272023    266563     17958     17344     51065     48265
2I 187  1    3612590   1849396   1763194   1503625   1425878    270713    265376     19798     19177     55260     52763    214460    204765   1305702   1237072    260172    255130     17575     17022     51487     49205
2I 187  2    3541203   1811316   1729887   1469034   1395949    267899    261098     19700     19408     54683     53432    205607    196769   1279133   1214222    257782    251530     17630     17328     51164     50038
2I 187  3    3535392   1808791   1726601   1468713   1392638    264889    259953     20082     19662     55107     54348    202142    193383   1281632   1213967    255257    250629     18082     17645     51678     50977
2I 187  4    3622359   1852345   1770014   1499971   1426074    275908    269342     20360     19599     56106     54999    208394    199973   1306801   1240971    266198    259813     18333     17646     52619     51611
2I 187  5    3575659   1829580   1746079   1483378   1407049    272966    267684     18457     17851     54779     53495    203342    195051   1294599   1226209    263691    258589     16537     15994     51411     50236
2I 187  6    3551253   1817237   1734016   1475167   1399358    271202    265307     18937     18799     51931     50552    206684    199163   1283250   1214463    261860    256292     16811     16749     48632     47349
2I 187  7    3508071   1793798   1714273   1452733   1380318    271129    266123     18554     17495     51382     50337    205659    199834   1262879   1195755    261389    256710     15838     14876     48033     47098
2I 187  8    3232606   1653783   1578823   1338881   1270326    250621    245922     17170     16434     47111     46141    186857    178381   1166663   1105924    241598    237347     14668     14028     43997     43143
2I 187  9    3422408   1753635   1668773   1421257   1343922    266394    261211     17927     17462     48057     46178    202653    195156   1234338   1163656    256776    252085     15152     14850     44716     43026
2I 187 10    3298592   1692823   1605769   1372615   1294369    255205    249250     17257     16251     47746     45899    189757    180412   1196611   1127054    246474    240975     15300     14358     44681     42970
2I 187 11    3223485   1652659   1570826   1339237   1265877    249536    243134     16611     16293     47275     45522    183957    176257   1168433   1101719    241122    235741     14801     14457     44346     42652
2I 187 12    3231187   1655040   1576147   1338803   1268672    248250    243136     17414     16826     50573     47513    176939    170484   1174622   1110276    240330    235594     15643     15162     47506     44631
2I 187 13    3229617   1650429   1579188   1330558   1266260    250803    246495     17974     17669     51094     48764    171945    166397   1171274   1112174    243144    239023     16128     15868     47938     45726
2I 187 14    3364683   1722067   1642616   1387326   1315686    263631    259109     18647     17912     52463     49909    177767    169295   1222777   1159282    255790    251130     16634     16059     49099     46850
2I 187 15    3682050   1884756   1797294   1525570   1449162    285919    278734     19073     18287     54194     51111    184610    176385   1354475   1285985    277798    270717     17014     16284     50859     47923
2I 187 16    3848867   1975966   1872901   1617822   1530161    286894    276731     18914     18132     52336     47877    194440    181531   1437554   1361917    278047    268467     16830     16192     49095     44794
2I 187 17    3770239   1936227   1834012   1582437   1493354    281250    273955     18580     17488     53960     49215    195670    179000   1401067   1327338    272217    265845     16495     15602     50778     46227
2I 187 18    3658785   1869638   1789147   1536737   1463974    264013    262409     17497     16285     51391     46479    189718    170477   1361177   1306877    254800    253649     15610     14588     48333     43556
2I 187 19    3856759   1964909   1891850   1607970   1539072    282384    284498     18490     17026     56065     51254    206151    183385   1418090   1370470    271818    274773     16318     15251     52532     47971
2I 187 20    3922611   2002660   1919951   1645017   1567292    284236    286152     18284     17138     55123     49369    215286    187985   1447001   1394606    272891    276074     16119     15299     51363     45987
2I 187 21    4002747   2047846   1954901   1685193   1596805    287394    289593     19002     17125     56257     51378    227098    194194   1476103   1418192    275719    279343     16613     15308     52313     47864
2I 187 22    4170505   2125077   2045428   1767071   1684278    281922    291471     19462     18324     56622     51355    232950    200212   1552239   1500008    270056    281053     17102     16362     52730     47793
2I 187 23    4201322   2135560   2065762   1784069   1705316    275662    288862     19203     17980     56626     53604    241011    204971   1561325   1516552    263890    278318     16778     16020     52556     49901
2I 187 24    4341139   2198762   2142377   1844143   1772144    276800    294788     18663     17920     59156     57525    250678    211514   1612280   1577545    264488    283880     16274     15836     55042     53602
2I 187 25    4420532   2235449   2185083   1882088   1811395    276556    296836     17377     17173     59428     59679    245517    206039   1655263   1621957    264484    286127     14964     15174     55221     55786
2I 187 26    4391975   2211368   2180607   1869189   1809385    267584    292790     16645     16978     57950     61454    239704    205336   1647382   1620650    255831    282095     14497     14936     53954     57590
2I 187 27    4428703   2228733   2199970   1881777   1824136    270607    295534     16349     16549     60000     63751    230715    198920   1668723   1641319    259032    285001     14198     14854     56065     59876
2I 187 28    4185104   2101845   2083259   1780043   1731954    250100    274505     14973     15426     56729     61374    206491    183612   1588948   1562929    239981    265156     13144     13719     53281     57843
2I 187 29    4592186   2307022   2285164   1944028   1890888    280730    307459     15962     15906     66302     70911    222059    199229   1738721   1707533    269975    297290     13778     14078     62489     67034
2I 187 30    4421641   2214387   2207254   1870291   1829089    263430    292952     16035     16778     64631     68435    200149    185901   1685393   1658119    253460    283520     14100     14838     61285     64876
2I 187 31    4185800   2088604   2097196   1769146   1740988    241180    271659     15589     16396     62689     68153    186782    175782   1596599   1578970    232093    263127     13630     14616     59500     64701
2I 187 32    4158524   2072754   2085770   1758784   1735407    235429    267598     14125     14387     64416     68378    176883    167555   1595233   1580884    226913    259559     12573     12906     61152     64866
2I 187 33    4003762   1988390   2015372   1693022   1681866    219804    251859     13993     14714     61571     66933    162951    157279   1542046   1537349    212453    244130     12431     13210     58509     63404
2I 187 34    4065302   2025804   2039498   1728244   1702157    222225    256268     14034     14432     61301     66641    162222    156824   1578210   1557886    214560    248470     12509     12988     58303     63330
2I 187 35    3924154   1950224   1973930   1663981   1648551    214654    247205     14930     16063     56659     62111    149314    146452   1526130   1513781    207478    239894     13381     14580     53921     59223
2I 187 36    3654359   1810817   1843542   1545607   1537940    197848    230384     14115     15575     53247     59643    142183    140259   1414053   1408487    191042    223689     12754     14223     50785     56884
2I 187 37    3684127   1820707   1863420   1557495   1558148    197262    230462     12308     13382     53642     61428    135096    135639   1432395   1432908    190794    223845     11175     12259     51247     58769
2I 187 38    3479358   1715986   1763372   1480619   1489400    175461    205553     11332     12308     48574     56111    121181    123010   1368167   1375934    170015    199737     10261     11225     46362     53466
2I 187 39    3939000   1948111   1990889   1696792   1701596    187464    217108     11689     12292     52166     59893    129084    131171   1577167   1580507    181573    210799     10549     11199     49738     57213
2I 187 40    3467802   1716056   1751746   1498516   1499988    160306    187982     11637     11924     45597     51852    115106    118689   1392062   1390782    155127    182276     10404     10786     43357     49213
2I 187 41    2815504   1383945   1431559   1195662   1211552    136446    162617     10419     10683     41418     46707    101397    104315   1101809   1115339    131825    157536      9424      9750     39490     44619
2I 187 42    2867469   1412054   1455415   1225240   1238989    137036    162337     10596     11274     39182     42815     98197    101124   1134334   1145824    132469    157397      9671     10322     37383     40748
2I 187 43    2981844   1461912   1519932   1274526   1302510    138098    163676     10377     11016     38911     42730     93955    100143   1187371   1210329    133782    158471      9537     10168     37267     40821
2I 187 44    2932192   1447003   1485189   1264404   1277374    138344    160304      8980      9805     35275     37706     90230     94216   1180614   1190495    134190    155475      8245      9055     33724     35948
2I 187 45    2610109   1280655   1329454   1107032   1129773    130804    154401      8430      8714     34389     36566     82974     86911   1030080   1049715    126903    149957      7765      7998     32933     34873
2I 187 46    2433698   1191852   1241846   1035859   1057651    116532    142762      8221      8457     31240     32976     80698     83353    960984    980594    112810    138645      7538      7814     29822     31440
2I 187 47    2383375   1164870   1218505   1003850   1032246    121235    145291      8262      8742     31523     32226     80695     84236    929460    954760    117005    140837      7673      8057     30037     30615
2I 187 48    2287426   1117041   1170385    976442   1006562    105056    127919      7273      7523     28270     28381     70884     75461    910709    936858    101857    124017      6726      6961     26865     27088
2I 187 49    2363465   1157912   1205553   1001525   1026390    118296    140417      7709      8054     30382     30692     74837     78988    932181    953401    114728    136416      7153      7431     29013     29317
2I 187 50    2231972   1084343   1147629    943798    982683    106113    129453      6986      7484     27446     28009     67598     73436    881222    914612    102866    125882      6418      6929     26239     26770
2I 187 51    2194177   1065669   1128508    933122    971143    101163    123583      6499      7039     24885     26743     66468     71634    871142    904611     98183    120142      6013      6548     23863     25573
2I 187 52    2153292   1044134   1109158    916791    956686     97994    119959      6421      6704     22928     25809     63895     68523    857152    892895     95102    116772      5931      6201     22054     24767
2I 187 53    2072442   1002833   1069609    878350    920290     96999    117400      5994      6529     21490     25390     59561     65024    822814    860057     94316    114103      5529      6045     20613     24380
2I 187 54    2153160   1035182   1117978    907162    961288    100823    123768      6044      6749     21153     26173     60133     66245    851285    899765     97894    120638      5583      6242     20287     25088
2I 187 55    2155571   1029788   1125783    903368    970585    100483    123688      5578      6521     20359     24989     58530     63608    848842    911415     97721    120644      5191      6093     19504     24023
2I 187 56    2222861   1061439   1161422    942605   1011732     94527    119452      5313      6098     18994     24140     59579     66179    886771    950020     91996    116425      4931      5647     18162     23151
2I 187 57    2259349   1081453   1177896    959616   1027557     97647    120511      5520      5935     18670     23893     59087     65837    904171    966316     95200    117350      5102      5512     17893     22881
2I 187 58    2153475   1020209   1133266    911433    997389     87004    108132      4936      5392     16836     22353     52354     59429    862319    942263     84862    105214      4556      4980     16118     21380
2I 187 59    2273736   1072899   1200837    957430   1056421     92299    114959      5231      5574     17939     23883     53143     59862    907779   1000754     89957    112145      4829      5165     17191     22911
2I 187 60    2195060   1018061   1176999    904940   1032789     91257    116263      4796      5332     17068     22615     47858     55847    860412    980978     89009    113557      4445      4927     16337     21690
2I 187 61    2163361   1005433   1157928    901119   1023498     83547    108442      4590      4938     16177     21050     46725     53731    857316    973384     81630    106068      4252      4565     15510     20180
2I 187 62    2169393   1003617   1165776    899634   1031521     83001    108782      4557      5256     16425     20217     44381     51725    858090    983288     81137    106451      4203      4894     15806     19418
2I 187 63    2132804    988157   1144647    889695   1016936     78306    103746      4331      4853     15825     19112     42760     47577    849429    972687     76660    101511      4039      4539     15269     18333
2I 187 64    2141189    982221   1158968    881745   1027722     80173    106813      4282      4951     16021     19482     40564     47262    843649    983928     78524    104433      4018      4637     15466     18708
2I 187 65    2137534    976438   1161096    879250   1033317     78460    105375      4050      4465     14678     17939     37927     44528    843609    991997     76907    103095      3796      4199     14199     17277
2I 187 66    1994581    906660   1087921    819516    971731     70346     95599      3420      4123     13378     16468     34071     41768    787499    932905     69003     93595      3196      3860     12891     15793
2I 187 67    1916767    862235   1054532    776968    940321     69298     94684      3338      3906     12631     15621     31533     39338    747460    903736     67903     92742      3130      3696     12209     15020
2I 187 68    1802210    799291   1002919    722102    898811     62831     86611      2962      3625     11396     13872     26187     34445    697635    866688     61677     85035      2786      3412     11006     13339
2I 187 69    1811868    792223   1019645    714024    912663     64139     89439      2860      3601     11200     13942     25924     34663    690017    880480     62806     87719      2665      3394     10811     13389
2I 187 70    1673797    722333    951464    648535    849490     60661     86151      2573      3197     10564     12626     21789     30149    628415    821522     59573     84623      2384      3002     10172     12168
2I 187 71    1598092    682936    915156    618179    822440     52844     77891      2484      3223      9429     11602     21670     30143    597918    794341     51901     76477      2327      3031      9120     11164
2I 187 72    1509719    634352    875367    575091    787276     47778     74130      2266      3220      9217     10741     20269     29222    556225    760091     46908     72732      2171      3037      8779     10285
2I 187 73    1446687    601725    844962    547664    762179     43592     69885      2063      2958      8406      9940     19617     28243    529237    735763     42861     68628      1946      2796      8064      9532
2I 187 74    1410554    576440    834114    522812    752994     43329     68755      2057      2940      8242      9425     18704     27663    505424    727192     42554     67458      1953      2777      7805      9024
2I 187 75    1328391    536252    792139    485248    714754     41780     66287      1875      2580      7349      8518     17512     25592    468973    690716     41047     65194      1726      2434      6994      8203
2I 187 76    1224269    484566    739703    438997    669695     37227     60100      1783      2437      6559      7471     16059     24163    424142    646857     36491     59184      1640      2321      6234      7178
2I 187 77    1143441    441217    702224    398647    635474     34693     57599      1574      2419      6303      6732     14564     21923    385068    614977     34145     56577      1489      2275      5951      6472
2I 187 78    1048663    396472    652191    359018    593769     30450     50464      1342      2119      5662      5839     13234     19738    346682    575180     29923     49658      1272      2007      5361      5608
2I 187 79     972428    357670    614758    321462    557055     29598     50437      1223      1992      5387      5274     12278     18342    310061    539785     29098     49683      1143      1891      5090      5057
2I 187 80     867134    312175    554959    281768    505751     25012     43103      1076      1659      4319      4446     10723     16147    271804    490469     24563     42463      1014      1597      4071      4283
2I 187 81     780738    273916    506822    250446    466861     18988     34668       881      1409      3601      3884      9712     14913    241345    452694     18647     34161       837      1354      3375      3700
2I 187 82     701219    240997    460222    219880    423183     17378     32403       811      1231      2928      3405      8733     13571    211715    410253     17064     31953       741      1159      2744      3286
2I 187 83     626726    208720    418006    190365    384333     15192     29623       659      1063      2504      2987      7701     11758    183115    373170     14911     29201       621      1005      2372      2872
2I 187 84     564977    182815    382162    165636    349945     14352     28286       639      1057      2188      2874      6637     10390    159432    340121     14096     27858       578      1014      2072      2779
2I 187 85     495487    156742    338745    141904    311351     12238     24137       550       910      2050      2347      5728      9195    136554    302624     12007     23791       524       866      1929      2269
2I 187 86     425249    131067    294182    119579    271850      9302     19462       449       768      1737      2102      5097      8539    114805    263731      9092     19157       424       732      1649      2023
2I 187 87     366641    109791    256850     99663    237125      8325     17285       402       656      1401      1784      3524      5885     96407    231533      8169     17081       380       609      1311      1742
2I 187 88     299830     86832    212998     78638    197057      6778     14032       359       548      1057      1361      2827      4583     76071    192715      6606     13849       333       506       995      1345
2I 187 89     266846     73105    193741     64761    176882      7109     15106       346       510       889      1243      2228      3847     62746    173257      6964     14933       329       481       838      1223
2I 187 90     199814     51726    148088     46610    137037      4283      9894       253       361       580       796      1675      3079     45122    134132      4158      9771       233       325       538       781
2I 187 91     161499     40585    120914     37034    112534      3052      7459       131       269       368       652      1324      2635     35821    110038      2983      7367       126       246       331       628
2I 187 92     137649     35161    102488     32034     94569      2828      7118       108       243       191       558      1146      2159     30963     92512      2779      7045        97       229       176       543
2I 187 93     115428     29669     85759     26942     78680      2488      6408        88       192       151       479       940      1827     26070     76965      2450      6331        81       183       128       453
2I 187 94      92693     23225     69468     21097     63438      1924      5374        72       180       132       476       714      1473     20426     62047      1889      5319        68       172       128       457
2I 187 95      66301     15362     50939     13914     46647      1168      3731        76       138       204       423       488      1088     13454     45623      1154      3689        72       126       194       413
2I 187 96      47752     10600     37152      9478     34062       860      2645        49       107       213       338       357       785      9143     33316       852      2619        44       102       204       330
2I 187 97      34680      7751     26929      6672     24410       773      2178        72        74       234       267       261       614      6433     23838       764      2154        65        68       228       255
2I 187 98      24213      5484     18729      4741     16949       591      1538        43        55       109       187       176       446      4576     16549       588      1508        41        48       103       178
2I 187 99      20196      5026     15170      4338     13516       611      1463        33        61        44       130       180       389      4173     13176       603      1432        30        51        40       122
2I 187100      32405      7147     25258      5650     21747      1298      3201        67       107       132       203       445       828      5303     21050      1236      3123        51        86       112       171

