2I 487999  242252200 118136733 124115467 100234407 104568577  13926402  15427772    910162    926699   3065762   3192419  10023830   9741051  90961298  95574986  13448040  14949749    811288    833165   2892277   3016516
2I 487  0    3686154   1886023   1800131   1525417   1449048    284274    278838     20521     19671     55811     52574    225055    215829   1318239   1250244    272921    267977     18034     17318     51774     48763
2I 487  1    3616736   1852144   1764592   1503601   1425282    272651    266771     19960     19244     55932     53295    216820    206903   1303758   1234721    261879    256324     17648     17011     52039     49633
2I 487  2    3559664   1820595   1739069   1477134   1403801    268589    261816     19762     19502     55110     53950    209226    200343   1284062   1218954    258205    251990     17611     17337     51491     50445
2I 487  3    3527093   1804248   1722845   1463257   1388132    265104    260258     20092     19687     55795     54768    202587    193917   1276064   1209223    255298    250785     18022     17597     52277     51323
2I 487  4    3627714   1855392   1772322   1502154   1427119    276223    269690     20458     19774     56557     55739    209401    200822   1308271   1241487    266355    260003     18371     17754     52994     52256
2I 487  5    3586037   1834719   1751318   1486584   1410912    273421    267817     19059     18319     55655     54270    205447    197261   1296116   1228222    263937    258529     17043     16381     52176     50925
2I 487  6    3562864   1823002   1739862   1480276   1404735    271023    264759     18183     17522     53520     52846    199791    191425   1294716   1227059    261995    256016     16284     15703     50216     49659
2I 487  7    3523007   1800842   1722165   1457643   1385685    272369    267605     18877     18477     51953     50398    210133    205157   1263794   1196311    262367    257923     16043     15721     48505     47053
2I 487  8    3263449   1670522   1592927   1351248   1280673    253806    248745     17982     17227     47486     46282    192387    183898   1174169   1111413    244385    239810     15332     14667     44249     43139
2I 487  9    3417261   1750649   1666612   1418407   1341895    265353    259989     18179     17776     48710     46952    204392    196742   1230136   1160447    255550    250675     15294     15064     45277     43684
2I 487 10    3346533   1717603   1628930   1391164   1311585    260268    254240     17461     16353     48710     46752    191689    182029   1213651   1143037    251308    245680     15435     14419     45520     43765
2I 487 11    3222718   1651357   1571361   1338249   1265916    248839    243083     16667     16390     47602     45972    185485    177713   1166159   1100633    240272    235518     14802     14476     44639     43021
2I 487 12    3239465   1659680   1579785   1343750   1272649    248123    242712     17528     16866     50279     47558    179542    172852   1177251   1112092    239992    235039     15716     15164     47179     44638
2I 487 13    3207606   1640192   1567414   1321801   1256492    248787    244122     17992     17691     51612     49109    172943    167490   1161723   1101435    241004    236583     16125     15875     48397     46031
2I 487 14    3331816   1705118   1626698   1370812   1301218    262577    257345     18599     17918     53130     50217    177642    169167   1206583   1145173    254613    249217     16566     16043     49714     47098
2I 487 15    3594412   1839702   1754710   1486444   1411337    279955    273490     19167     18359     54136     51524    185176    176585   1314966   1248149    271785    265396     17059     16301     50716     48279
2I 487 16    3872286   1988011   1884275   1621693   1532961    293550    283760     18978     18133     53790     49421    196051    182555   1440058   1363906    284561    275366     16864     16181     50477     46267
2I 487 17    3814038   1960336   1853702   1606044   1513933    280923    272364     18822     17721     54547     49684    199526    181958   1421285   1345265    271667    264122     16644     15774     51214     46583
2I 487 18    3676789   1878315   1798474   1543069   1470407    264946    263965     17715     16503     52585     47599    192548    172666   1364969   1311348    255597    255113     15752     14744     49449     44603
2I 487 19    3831090   1953063   1878027   1596559   1525626    280950    283087     18560     16966     56994     52348    208370    184439   1404705   1356168    270250    273254     16363     15166     53375     49000
2I 487 20    3914668   1999337   1915331   1643543   1564229    281991    283983     18149     17105     55654     50014    216471    188359   1444596   1391322    270489    273845     15938     15240     51843     46565
2I 487 21    3959807   2026603   1933204   1664357   1576534    286424    287861     18782     16895     57040     51914    227429    194161   1455154   1398107    274698    277544     16349     15047     52973     48345
2I 487 22    4111102   2095642   2015460   1740182   1656787    279501    288834     19390     18207     56569     51632    234050    200480   1524455   1472396    267505    278364     17000     16223     52632     47997
2I 487 23    4196642   2133672   2062970   1781264   1701524    275733    289247     19282     18078     57393     54121    241465    205232   1558381   1512692    263773    278547     16790     16109     53263     50390
2I 487 24    4323154   2191066   2132088   1835043   1761368    276973    294306     18935     18129     60115     58285    252283    213673   1601806   1564863    264569    283295     16506     15981     55902     54276
2I 487 25    4392406   2221993   2170413   1868456   1798048    275588    295303     17670     17306     60279     59756    248338    208058   1639251   1606829    263299    284479     15169     15275     55936     55772
2I 487 26    4405255   2218327   2186928   1873096   1813473    269418    294357     16685     17069     59128     62029    240617    206029   1650619   1624288    257498    283554     14494     14954     55099     58103
2I 487 27    4420271   2225766   2194505   1877964   1818465    270309    294813     16568     16716     60925     64511    234088    201451   1661951   1633462    258539    284095     14343     14951     56845     60546
2I 487 28    4198255   2107138   2091117   1783474   1736736    251101    276915     15244     15788     57319     61678    208707    185178   1590571   1566349    240682    267411     13382     14080     53796     58099
2I 487 29    4602413   2312859   2289554   1948959   1894983    281052    307125     16131     16064     66717     71382    225277    201286   1740860   1709965    270052    296724     13893     14193     62777     67386
2I 487 30    4422534   2215820   2206714   1871509   1828873    263306    292863     16029     16593     64976     68385    203337    188290   1683781   1655852    253095    283210     14050     14632     61557     64730
2I 487 31    4229577   2110115   2119462   1784955   1757523    245528    276079     16082     17064     63550     68796    189201    178111   1610436   1593569    236188    267306     14013     15177     60277     65299
2I 487 32    4171001   2080782   2090219   1764345   1736524    237396    270062     14351     14695     64690     68938    180579    170304   1597620   1579578    228504    261798     12746     13161     61333     65378
2I 487 33    4028994   1998793   2030201   1700858   1693619    221945    254227     14009     14682     61981     67673    165698    159566   1547483   1547101    214352    246313     12416     13161     58844     64060
2I 487 34    4076091   2032638   2043453   1732235   1705157    223614    256259     14070     14481     62719     67556    165097    158953   1579659   1559141    215763    248266     12513     12986     59606     64107
2I 487 35    3954947   1966496   1988451   1678302   1661542    215693    248256     15199     16209     57302     62444    152534    149804   1537662   1523836    208277    240685     13566     14678     54457     59448
2I 487 36    3689333   1827142   1862191   1559367   1552288    199722    233799     14392     15902     53661     60202    143041    140777   1427264   1422552    192743    226963     12960     14493     51134     57406
2I 487 37    3680640   1820050   1860590   1553759   1553095    199175    231693     12587     13651     54529     62151    137946    137823   1426122   1425907    192506    224923     11416     12485     52060     59452
2I 487 38    3470095   1711834   1758261   1474589   1482046    176937    207300     11451     12428     48857     56487    123124    124537   1360485   1367358    171269    201299     10353     11316     46603     53751
2I 487 39    3856430   1908402   1948028   1653644   1655362    189654    219043     11854     12522     53250     61101    130866    132751   1532564   1532976    183537    212539     10687     11411     50748     58351
2I 487 40    3769298   1863140   1906158   1632980   1638903    170372    200077     11861     12266     47927     54912    119063    122431   1522911   1526287    164954    194165     10604     11080     45608     52195
2I 487 41    2795551   1374647   1420904   1186633   1201333    135530    161408     10601     10791     41883     47372    102758    106040   1091645   1103647    130830    156205      9546      9815     39868     45197
2I 487 42    2868158   1413166   1454992   1224202   1235946    138119    163575     10769     11374     40076     44097     99828    102073   1131865   1141981    133436    158567      9797     10398     38240     41973
2I 487 43    2914566   1429331   1485235   1242654   1269471    136913    161706     10559     11212     39205     42846     95360    101385   1154397   1176257    132378    156388      9688     10330     37508     40875
2I 487 44    3025149   1492466   1532683   1307317   1321572    139879    162423      9126     10012     36144     38676     91751     96024   1222073   1233034    135735    157509      8368      9239     34539     36877
2I 487 45    2651536   1301917   1349619   1125399   1146505    133112    156734      8609      8946     34797     37434     84482     88680   1047156   1064941    129047    152113      7927      8200     33305     35685
2I 487 46    2462746   1206167   1256579   1048757   1071215    117096    143170      8284      8498     32030     33696     80692     83499    973927    994065    113412    139041      7572      7847     30564     32127
2I 487 47    2402808   1174200   1228608   1011810   1040292    122044    146481      8327      8802     32019     33033     81565     84918    936625    962192    117746    142015      7724      8098     30540     31385
2I 487 48    2276030   1111756   1164274    970607   1000178    105206    127753      7400      7680     28543     28663     71908     76369    904059    929748    101840    123730      6838      7094     27111     27333
2I 487 49    2394991   1173520   1221471   1015297   1040547    119418    141560      7878      8202     30927     31162     76005     80335    944918    966431    115785    137418      7299      7559     29513     29728
2I 487 50    2238930   1088690   1150240    946457    983975    106900    129999      7096      7539     28237     28727     68147     73860    883476    915565    103575    126391      6507      6965     26985     27459
2I 487 51    2171454   1053817   1117637    919872    958862    101829    124489      6521      7148     25595     27138     66338     71704    858120    892369     98816    120976      6026      6649     24517     25939
2I 487 52    2190388   1062452   1127936    934396    974120     98079    120928      6496      6787     23481     26101     65308     69939    873425    908999     95142    117695      5994      6276     22583     25027
2I 487 53    2059333    997210   1062123    872166    913085     97113    116801      6124      6565     21807     25672     60227     65591    816046    852393     94365    113428      5651      6067     20921     24644
2I 487 54    2135256   1027354   1107902    899266    951525    100550    123085      6077      6771     21461     26521     59978     66296    843594    890029     97605    119927      5591      6243     20586     25407
2I 487 55    2137004   1021182   1115822    894458    960323    100294    123587      5724      6646     20706     25266     58635     63858    839956    900988     97454    120489      5320      6213     19817     24274
2I 487 56    2218686   1057351   1161335    938163   1010809     94631    119972      5245      6122     19312     24432     59245     65820    882704    949502     92071    116917      4868      5664     18463     23432
2I 487 57    2254579   1081619   1172960    959719   1022613     97291    120211      5573      5953     19036     24183     59783     66356    903676    960865     94799    117073      5143      5523     18218     23143
2I 487 58    2134961   1011624   1123337    902828    987351     86763    107887      5002      5477     17031     22622     52889     60282    853245    931501     84564    104877      4611      5049     16315     21628
2I 487 59    2286280   1081340   1204940    965616   1060036     92252    115004      5259      5622     18213     24278     54094     60633    915030   1003660     89917    112159      4847      5206     17452     23282
2I 487 60    2192796   1017051   1175745    903614   1031040     91272    116312      4860      5423     17305     22970     48233     56412    858796    978768     88959    113513      4498      5008     16565     22044
2I 487 61    2141660    995146   1146514    890717   1011681     83548    108540      4605      4900     16276     21393     46815     53823    846868    961518     81604    106146      4262      4513     15597     20514
2I 487 62    2177061   1007426   1169635    903459   1035089     82837    108719      4557      5264     16573     20563     44825     52690    861514    985937     80947    106375      4198      4893     15942     19740
2I 487 63    2145787    994205   1151582    895191   1023032     78597    104136      4392      4924     16025     19490     43472     48449    854315    977958     76893    101852      4085      4611     15440     18712
2I 487 64    2115293    969055   1146238    867854   1013885     80503    107479      4321      5018     16377     19856     40792     47542    829594    969917     78830    105071      4044      4680     15795     19028
2I 487 65    2158330    985395   1172935    887632   1044092     78681    105856      4122      4547     14960     18440     38785     45274    851188   1002112     77081    103507      3865      4276     14476     17766
2I 487 66    2015041    916714   1098327    828422    980978     71122     96451      3465      4186     13705     16712     34479     42197    796011    941719     69767     94441      3235      3916     13222     16054
2I 487 67    1923905    865884   1058021    780339    943112     69172     94939      3366      3934     13007     16036     32515     40415    749874    905530     67795     92948      3148      3714     12552     15414
2I 487 68    1794993    795553    999440    717953    894669     62967     86910      3059      3711     11574     14150     26536     34814    693211    862251     61756     85296      2874      3488     11176     13591
2I 487 69    1828469    801209   1027260    722909    920132     64125     89365      2863      3636     11312     14127     26586     35387    698219    887255     62801     87631      2675      3429     10928     13558
2I 487 70    1682840    725645    957195    651699    854906     60677     86184      2584      3264     10685     12841     22118     30648    631314    826515     59532     84613      2393      3053     10288     12366
2I 487 71    1597963    683999    913964    618670    820703     53257     78224      2518      3187      9554     11850     21655     30071    598466    792685     52306     76789      2335      3001      9237     11418
2I 487 72    1510892    634777    876115    575532    787895     47701     74110      2287      3210      9257     10900     20229     29185    556677    760740     46830     72728      2188      3020      8853     10442
2I 487 73    1449818    603212    846606    549101    763463     43432     69933      2073      3010      8606     10200     19813     28471    530515    736847     42690     68667      1963      2842      8231      9779
2I 487 74    1415513    578473    837040    524982    755628     43163     68862      2035      2966      8293      9584     18916     27945    507368    729548     42386     67552      1934      2807      7869      9188
2I 487 75    1335264    539237    796027    487828    717864     41982     66780      1890      2631      7537      8752     17514     25768    471548    693737     41245     65630      1746      2478      7184      8414
2I 487 76    1229949    487143    742806    441402    672285     37419     60447      1785      2434      6537      7640     16187     24470    426393    649146     36684     59546      1653      2307      6226      7337
2I 487 77    1149914    443975    705939    401347    638674     34578     57848      1625      2445      6425      6972     14849     22442    387539    617678     34008     56814      1519      2306      6060      6699
2I 487 78    1054427    398815    655612    361188    596679     30551     50809      1336      2147      5740      5977     13309     19999    348771    577876     30026     49955      1263      2031      5446      5751
2I 487 79     977044    359094    617950    322569    559647     29782     50916      1233      2029      5510      5358     12319     18552    311127    542200     29283     50149      1153      1922      5212      5127
2I 487 80     872156    313884    558272    283332    508728     25046     43310      1104      1683      4402      4551     10809     16339    273301    493278     24589     42662      1037      1614      4148      4379
2I 487 81     786308    275977    510331    252288    470052     19117     34953       878      1423      3694      3903      9775     14994    243131    455810     18774     34431       835      1368      3462      3728
2I 487 82     706607    242650    463957    221475    426536     17377     32663       808      1256      2990      3502      8819     13840    213227    413354     17064     32204       742      1185      2798      3374
2I 487 83     631461    210247    421214    191606    387046     15385     30061       672      1074      2584      3033      7789     11977    184284    375655     15103     29652       632      1015      2439      2915
2I 487 84     566118    182597    383521    165430    351098     14274     28440       654      1075      2239      2908      6758     10653    159096    341035     14014     27996       590      1025      2139      2812
2I 487 85     498529    157288    341241    142255    313389     12427     24532       553       917      2053      2403      5680      9030    136954    304827     12198     24187       526       877      1930      2320
2I 487 86     426709    131294    295415    119713    272871      9385     19659       454       783      1742      2102      5168      8723    114878    264571      9176     19346       423       747      1649      2028
2I 487 87     367725    109781    257944     99797    238172      8100     17237       393       665      1491      1870      3725      6292     96350    232205      7948     17023       376       612      1382      1812
2I 487 88     302540     87640    214900     79346    198672      6850     14281       361       554      1083      1393      2935      4711     76678    194216      6672     14089       333       514      1022      1370
2I 487 89     268562     73564    194998     65058    177910      7259     15310       360       515       887      1263      2286      3911     62995    174214      7122     15134       335       495       826      1244
2I 487 90     200694     51804    148890     46700    137751      4267      9924       251       374       586       841      1636      3067     45222    134867      4150      9806       237       333       559       817
2I 487 91     158708     38859    119849     35505    111695      2814      7241       140       254       400       659      1317      2600     34315    109216      2742      7147       131       241       354       645
2I 487 92     137325     35100    102225     31946     94387      2843      7055       112       238       199       545      1152      2191     30873     92301      2795      6982       100       226       180       525
2I 487 93     115900     29789     86111     26990     78929      2573      6502        80       191       146       489       950      1845     26108     77199      2535      6424        76       182       120       461
2I 487 94      92488     23009     69479     20925     63413      1900      5404        69       187       115       475       721      1483     20249     62012      1862      5349        65       179       112       456
2I 487 95      65822     15024     50798     13633     46520      1141      3741        73       128       177       409       498      1082     13170     45488      1123      3704        67       123       166       401
2I 487 96      47496     10389     37107      9273     33981       860      2679        57       118       199       329       363       805      8929     33221       852      2651        53       109       192       321
2I 487 97      34390      7494     26896      6443     24414       747      2152        69        72       235       258       259       610      6201     23835       742      2133        62        67       230       251
2I 487 98      23730      5265     18465      4523     16670       582      1550        43        60       117       185       183       465      4355     16261       576      1513        39        52       112       174
2I 487 99      19833      4922     14911      4252     13281       600      1443        35        56        35       131       187       383      4081     12942       593      1414        32        51        29       121
2I 487100      34089      9211     24878      7705     21365      1307      3184        67       114       132       215       458       829      7350     20658      1237      3116        53        91       113       184
2I 787999  242803533 118415937 124387596 100414883 104735098  13969363  15475962    918870    935328   3112821   3241208  10130998   9835991  91051658  95662104  13481373  14989333    817201    839331   2934707   3060837
2I 787  0    3703278   1894817   1808461   1530463   1453112    286746    281493     20771     19964     56837     53892    228534    219188   1320289   1251445    275112    270355     18195     17522     52687     49951
2I 787  1    3615305   1850092   1765213   1499953   1424475    273918    267956     20035     19260     56186     53522    219344    209644   1298038   1231595    262877    257254     17641     16951     52192     49769
2I 787  2    3601784   1842904   1758880   1494436   1418428    272129    265781     20155     19808     56184     54863    214776    205357   1296516   1229218    261325    255548     17882     17534     52405     51223
2I 787  3    3508776   1794476   1714300   1455055   1382062    263909    258124     19893     19590     55619     54524    202965    194497   1267728   1202809    253964    248546     17776     17439     52043     51009
2I 787  4    3623062   1854258   1768804   1500482   1423145    275945    269581     20659     19914     57172     56164    210192    201282   1306130   1237360    265919    259733     18499     17827     53518     52602
2I 787  5    3610115   1846700   1763415   1495227   1419594    275467    269944     19648     18873     56358     55004    208908    200675   1301802   1233997    265678    260358     17543     16837     52769     51548
2I 787  6    3567922   1825219   1742703   1482719   1407880    269940    263487     18262     17718     54298     53618    202770    194501   1294632   1227547    260671    254521     16269     15814     50877     50320
2I 787  7    3545782   1812782   1733000   1466972   1393659    273648    269316     18866     18445     53296     51580    208477    202724   1274401   1206442    263879    259794     16211     15847     49814     48193
2I 787  8    3304508   1691020   1613488   1367693   1297116    256298    251500     18308     17463     48721     47409    196249    188170   1187281   1124038    246578    242330     15543     14785     45369     44165
2I 787  9    3401931   1742641   1659290   1409578   1334120    264920    259212     18495     18033     49648     47925    204599    196607   1221440   1153175    254968    249739     15518     15226     46116     44543
2I 787 10    3404520   1748481   1656039   1415666   1333168    266118    259049     17603     16605     49094     47217    193513    183785   1236700   1163211    256969    250298     15504     14607     45795     44138
2I 787 11    3206778   1641948   1564830   1330684   1260162    246263    241852     16929     16495     48072     46321    187723    179844   1156739   1093176    237488    234020     14997     14523     45001     43267
2I 787 12    3254287   1667074   1587213   1348277   1277160    250783    245196     17590     16968     50424     47889    181398    174660   1180191   1115084    242467    237395     15729     15191     47289     44883
2I 787 13    3206241   1640422   1565819   1323374   1256758    247042    241875     17941     17616     52065     49570    174717    169073   1161783   1100236    239089    234257     16061     15803     48772     46450
2I 787 14    3305020   1691577   1613443   1358181   1289215    261036    255956     18664     17988     53696     50284    178293    170079   1193528   1132497    252950    247681     16595     16081     50211     47105
2I 787 15    3525419   1804746   1720673   1454281   1379762    276564    270503     19040     18234     54861     52174    184430    175252   1283679   1218040    268343    262363     16920     16144     51374     48874
2I 787 16    3844664   1974512   1870152   1606448   1517421    294316    284151     19064     18206     54684     50374    196753    183068   1424290   1347993    285269    275712     16905     16230     51295     47149
2I 787 17    3827011   1967999   1859012   1616112   1522263    277723    268579     19168     17982     54996     50188    204516    185695   1426903   1350286    268158    260101     16903     15979     51519     46951
2I 787 18    3703351   1891573   1811778   1548981   1476725    270331    269035     17878     16710     54383     49308    195515    175109   1368317   1315522    260816    260063     15822     14879     51103     46205
2I 787 19    3840099   1958113   1881986   1600446   1528516    280450    282552     18673     17026     58544     53892    210676    185489   1406508   1358198    269647    272658     16438     15185     54844     50456
2I 787 20    3896736   1991573   1905163   1637831   1556240    279053    280910     18120     17010     56569     51003    218019    188787   1437609   1383077    267400    270709     15874     15123     52671     47467
2I 787 21    3927991   2010229   1917762   1649737   1562354    284113    285881     18535     16784     57844     52743    227832    194317   1440346   1383958    272292    275478     16054     14897     53705     49112
2I 787 22    4053632   2067731   1985901   1713672   1629079    277569    286438     19304     18011     57186     52373    235157    200562   1497122   1444741    265447    275909     16853     16006     53152     48683
2I 787 23    4186424   2129911   2056513   1775667   1693528    276407    289824     19326     18170     58511     54991    242083    206192   1552439   1503955    264270    278980     16797     16171     54322     51215
2I 787 24    4320555   2190512   2130043   1833030   1757652    277202    294642     19115     18281     61165     59468    253928    214697   1598493   1560383    264591    283490     16622     16093     56878     55380
2I 787 25    4366749   2209196   2157553   1854459   1784689    275271    294497     17846     17328     61620     61039    249345    209314   1624483   1592376    262890    283625     15297     15260     57181     56978
2I 787 26    4428745   2230224   2198521   1881201   1822922    271668    295664     16903     17280     60452     62655    242828    207715   1656945   1632341    259506    284672     14617     15106     56328     58687
2I 787 27    4397208   2213237   2183971   1866926   1807881    267959    293840     16786     16928     61566     65322    237065    204156   1648338   1620574    255957    282908     14505     15091     57372     61242
2I 787 28    4199024   2107849   2091175   1780959   1734628    252748    277808     15507     16038     58635     62701    211244    186752   1585954   1562885    242078    268188     13567     14312     55006     59038
2I 787 29    4589824   2307246   2282578   1943450   1888245    280052    306124     16384     16327     67360     71882    227476    202664   1733548   1702160    268786    295502     14139     14442     63297     67810
2I 787 30    4488031   2247527   2240504   1899035   1857427    266128    296471     15951     16466     66413     70140    206342    190539   1708653   1682530    255743    286638     13893     14441     62896     66356
2I 787 31    4229314   2110927   2118387   1783914   1755281    246499    276692     16419     17328     64095     69086    191768    180031   1607274   1589734    236876    267687     14272     15386     60737     65549
2I 787 32    4182357   2086600   2095757   1767657   1739657    239067    271184     14906     15480     64970     69436    183792    173132   1598153   1580295    229877    262671     13216     13840     61562     65819
2I 787 33    4065450   2016994   2048456   1715179   1706119    224408    258433     13908     14510     63499     69394    168828    161747   1559138   1557608    216510    250391     12278     12996     60240     65714
2I 787 34    4092771   2041632   2051139   1736421   1709620    227266    258403     14165     14599     63780     68517    168574    161577   1580779   1561452    219153    250128     12564     13043     60562     64939
2I 787 35    3943710   1961404   1982306   1674878   1656465    213628    246447     15323     16260     57575     63134    153754    151202   1533224   1517670    206118    238730     13629     14682     54679     60022
2I 787 36    3775537   1869029   1906508   1595659   1590038    203645    238796     14525     16017     55200     61657    145399    142582   1461619   1458709    196408    231788     13036     14575     52567     58854
2I 787 37    3673119   1818005   1855114   1549819   1546304    200343    232356     13100     14218     54743     62236    140919    140073   1419628   1417223    193420    225399     11850     12967     52188     59452
2I 787 38    3486529   1719649   1766880   1479771   1487441    178488    209214     11525     12544     49865     57681    124917    126014   1364090   1371527    172664    203072     10413     11410     47565     54857
2I 787 39    3790482   1879371   1911111   1619405   1614582    193400    221831     12043     12636     54523     62062    132697    134125   1496945   1491122    186984    215107     10837     11503     51908     59254
2I 787 40    3959484   1952646   2006838   1713993   1728554    176508    207922     12114     12699     50031     57663    121549    124761   1601663   1613847    170940    201875     10832     11470     47662     54885
2I 787 41    2831558   1394817   1436741   1206421   1216941    135986    161454     10780     10977     41630     47369    105963    109318   1108515   1116293    131124    156099      9667      9950     39548     45081
2I 787 42    2867939   1413683   1454256   1223203   1233335    138676    164344     10863     11323     40941     45254    100966    102940   1129983   1138667    133850    159222      9848     10329     39036     43098
2I 787 43    2871225   1407941   1463284   1221298   1247327    136209    160950     10749     11512     39685     43495     96892    102242   1131727   1153414    131564    155579      9844     10590     37914     41459
2I 787 44    3099327   1528755   1570572   1340165   1355732    142138    165033      9307     10195     37145     39612     93347     97655   1253596   1265823    137813    159964      8521      9389     35478     37741
2I 787 45    2691522   1322735   1368787   1145417   1164681    133378    156868      8691      9079     35249     38159     85545     90339   1066167   1081604    129308    152149      7987      8317     33728     36378
2I 787 46    2496293   1222834   1273459   1063017   1085621    119036    144938      8376      8613     32405     34287     81191     83930    987792   1008136    115266    140772      7646      7937     30939     32684
2I 787 47    2419353   1182311   1237042   1018866   1047314    122211    147023      8546      8947     32688     33758     82749     85905    942693    968356    117790    142487      7903      8225     31176     32069
2I 787 48    2270730   1109101   1161629    967454    996764    105531    127918      7427      7788     28689     29159     72585     76993    900291    925842    102109    123836      6865      7180     27251     27778
2I 787 49    2422094   1186826   1235268   1026565   1052110    120637    143090      8012      8310     31612     31758     76688     81157    955654    977353    116929    138836      7407      7644     30148     30278
2I 787 50    2266270   1102444   1163826    957615    994627    108699    132095      7221      7664     28909     29440     69045     74649    893882    925546    105304    128421      6610      7071     27603     28139
2I 787 51    2167228   1052181   1115047    918448    956627    101325    123988      6565      7237     25843     27195     66520     72084    856590    889870     98271    120422      6058      6723     24742     25948
2I 787 52    2152767   1044271   1108496    916346    955837     97671    119651      6571      6884     23683     26124     65643     70330    855173    890422     94657    116361      6054      6371     22744     25012
2I 787 53    2095779   1014979   1080800    889311    930405     97302    117964      6193      6576     22173     25855     61471     66705    831985    868640     94524    114560      5712      6066     21287     24829
2I 787 54    2120834   1021490   1099344    893147    943673    100324    122147      6216      6884     21803     26640     60392     66891    837177    881774     97338    118881      5701      6331     20882     25467
2I 787 55    2119786   1013368   1106418    886468    950953    100138    123112      5755      6652     21007     25701     57990     63512    832637    892007     97299    120012      5339      6211     20103     24676
2I 787 56    2200361   1048959   1151402    929631   1000645     94542    120153      5268      6176     19518     24428     59275     65429    874191    939717     91954    117102      4889      5716     18650     23438
2I 787 57    2249066   1076751   1172315    954634   1021289     97189    120464      5618      6073     19310     24489     60300     67195    898220    958821     94602    117246      5183      5629     18446     23424
2I 787 58    2129218   1011369   1117849    902670    981909     86411    107565      5051      5500     17237     22875     53385     60824    852630    925563     84210    104544      4649      5063     16495     21855
2I 787 59    2269885   1073682   1196203    957767   1050939     92136    115041      5346      5687     18433     24536     54630     61361    906695    993972     89780    112113      4920      5260     17657     23497
2I 787 60    2203498   1024283   1179215    910609   1034259     91189    116203      4894      5475     17591     23278     48970     56830    865129    981584     88831    113390      4519      5064     16834     22347
2I 787 61    2138748    993783   1144965    889055   1009534     83694    108772      4640      4934     16394     21725     47073     54372    845029    958927     81700    106311      4293      4526     15688     20829
2I 787 62    2157660    998301   1159359    894186   1024250     82785    108861      4637      5242     16693     21006     45078     53284    852039    974575     80873    106489      4269      4867     16042     20144
2I 787 63    2153494    997757   1155737    898523   1026571     78735    104356      4370      5001     16129     19809     43783     49288    857399    980697     77013    102061      4050      4682     15512     19009
2I 787 64    2129207    975680   1153527    873935   1020320     80819    108035      4380      5106     16546     20066     41554     48310    834978    975699     79100    105541      4090      4751     15958     19226
2I 787 65    2130782    971271   1159511    872852   1029811     78886    106281      4207      4587     15326     18832     39154     45617    836121    987573     77242    103904      3941      4299     14813     18118
2I 787 66    2037113    926358   1110755    837178    992426     71773     97182      3502      4234     13905     16913     35197     42872    804079    952489     70407     95168      3267      3964     13408     16262
2I 787 67    1943674    875706   1067968    789636    952213     69337     95325      3428      4024     13305     16406     33118     41283    758596    913862     67955     93278      3197      3790     12840     15755
2I 787 68    1803624    800260   1003364    722101    897783     63199     87414      3107      3754     11853     14413     27401     35673    696550    864579     61949     85756      2916      3530     11444     13826
2I 787 69    1820003    796830   1023173    718217    915613     64232     89530      2898      3690     11483     14340     26637     35612    693459    882548     62924     87774      2715      3482     11095     13757
2I 787 70    1702478    736428    966050    662232    863353     60889     86380      2585      3278     10722     13039     22683     31111    641323    834523     59709     84792      2391      3063     10322     12561
2I 787 71    1607191    687546    919645    621796    826040     53490     78349      2535      3193      9725     12063     21724     30252    601590    797876     52520     76916      2335      2997      9377     11604
2I 787 72    1508952    635025    873927    575399    785421     47986     74291      2332      3213      9308     11002     20289     29226    556481    758268     47114     72857      2221      3021      8920     10555
2I 787 73    1453150    604940    848210    550834    764903     43356     69925      2060      3030      8690     10352     19878     28648    532180    738124     42607     68666      1958      2860      8317      9912
2I 787 74    1419713    580312    839401    527007    757795     42927     68839      2046      3028      8332      9739     19059     28246    509237    731462     42157     67491      1943      2864      7916      9338
2I 787 75    1342092    542437    799655    490734    720961     42145     67124      1894      2629      7664      8941     17624     25974    474336    696628     41412     65986      1751      2477      7314      8590
2I 787 76    1237138    490662    746476    444621    675443     37672     60869      1824      2481      6545      7683     16256     24725    429569    652118     36923     59920      1682      2344      6232      7369
2I 787 77    1157767    447633    710134    404794    642279     34683     58273      1660      2446      6496      7136     15100     22909    390770    620818     34088     57237      1555      2308      6120      6862
2I 787 78    1061552    402038    659514    364287    600090     30646     51161      1333      2180      5772      6083     13406     20283    351769    581031     30132     50287      1257      2058      5474      5855
2I 787 79     983524    361697    621827    324824    562858     30039     51493      1238      2051      5596      5425     12414     18855    313292    545162     29538     50691      1159      1937      5294      5182
2I 787 80     878562    316436    562126    285632    512138     25216     43680      1113      1681      4475      4627     10855     16447    275567    496580     24764     43041      1041      1611      4209      4447
2I 787 81     793511    278865    514646    254885    473911     19329     35332       891      1458      3760      3945      9828     15169    245679    459518     18983     34779       846      1402      3529      3778
2I 787 82     713753    245372    468381    224016    430579     17480     33005       811      1276      3065      3521      8913     14034    215687    417239     17160     32526       748      1210      2864      3372
2I 787 83     638110    212744    425366    193811    390722     15600     30459       687      1103      2646      3082      7837     12206    186436    379108     15319     30056       642      1032      2510      2964
2I 787 84     570447    184009    386438    166694    353701     14358     28721       674      1081      2283      2935      6853     10885    160276    343416     14099     28272       604      1027      2177      2838
2I 787 85     503167    158689    344478    143404    316214     12621     24911       558       918      2106      2435      5725      9041    138074    307647     12388     24565       534       883      1968      2342
2I 787 86     430154    132401    297753    120673    274887      9546     19947       454       810      1728      2109      5182      8712    115814    266609      9344     19637       421       766      1640      2029
2I 787 87     370683    110707    259976    100731    240047      8062     17370       389       662      1525      1897      3871      6710     97131    233674      7914     17121       371       624      1420      1847
2I 787 88     305956     88823    217133     80517    200717      6822     14418       361       556      1123      1442      3029      4864     77752    196105      6644     14238       337       515      1061      1411
2I 787 89     272306     74925    197381     66229    179940      7449     15616       363       527       884      1298      2316      3928     64128    176231      7316     15443       334       501       831      1278
2I 787 90     203588     52899    150689     47608    139392      4415     10083       253       369       623       845      1654      3063     46118    136499      4303      9965       239       332       585       830
2I 787 91     159682     39004    120678     35658    112445      2774      7293       148       261       424       679      1299      2633     34475    109951      2702      7189       133       246       395       659
2I 787 92     136167     34157    102010     31122     94356      2684      6864       108       230       243       560      1143      2201     30058     92254      2640      6796       103       217       213       542
2I 787 93     117131     30352     86779     27442     79571      2686      6544        83       188       141       476       942      1859     26561     77822      2647      6465        77       177       125       456
2I 787 94      93973     23525     70448     21354     64243      1987      5524        68       191       116       490       736      1501     20668     62824      1948      5469        64       184       109       470
2I 787 95      66857     15287     51570     13882     47211      1145      3827        73       129       187       403       505      1107     13411     46162      1127      3783        68       124       176       394
2I 787 96      48579     10636     37943      9519     34727       873      2760        50       115       194       341       368       817      9169     33955       864      2730        47       106       188       335
2I 787 97      35340      7709     27631      6630     25080       788      2206        66        73       225       272       258       620      6389     24491       782      2188        60        68       220       264
2I 787 98      24282      5331     18951      4587     17118       569      1576        47        61       128       196       195       473      4409     16702       562      1537        43        53       122       186
2I 787 99      20054      4923     15131      4237     13466       613      1478        33        53        40       134       197       392      4063     13116       601      1448        29        50        33       125
2I 787100      35111      8853     26258      7298     22534      1357      3368        68       121       130       235       453       862      6931     21802      1303      3291        52        99       114       204
2I1087999  243445940 118740458 124705482 100625281 104931692  14022545  15535187    927994    944395   3164638   3294208  10245307   9936144  91166028  95775054  13523958  15039139    823374    845791   2981791   3109354
2I1087  0    3700655   1892836   1807819   1526566   1449554    287835    283218     20842     20107     57593     54940    230543    221270   1314809   1246261    275933    271803     18194     17590     53357     50895
2I1087  1    3614937   1849801   1765136   1498027   1423647    274996    268480     20131     19241     56647     53768    222143    212450   1293755   1228320    263707    257577     17649     16861     52547     49928
2I1087  2    3615832   1850990   1764842   1500016   1421702    273379    267362     20414     19999     57181     55779    218883    209058   1298612   1229376    262209    256774     18031     17623     53255     52011
2I1087  3    3538492   1809031   1729461   1466041   1394120    266450    260381     20041     19791     56499     55169    206080    197709   1276088   1212120    256222    250544     17836     17546     52805     51542
2I1087  4    3595529   1840363   1755166   1489146   1411197    273407    267730     20538     19852     57272     56387    209740    200668   1295438   1226257    263281    257757     18333     17714     53571     52770
2I1087  5    3619577   1852027   1767550   1498080   1421855    275721    269718     20360     19494     57866     56483    211625    203161   1302425   1234223    265697    259909     18146     17359     54134     52898
2I1087  6    3578033   1830115   1747918   1486218   1411651    270463    264121     18316     17822     55118     54324    206038    197797   1295332   1228492    260918    254886     16227     15825     51600     50918
2I1087  7    3565568   1824154   1741414   1476443   1400530    274109    269784     19372     19025     54230     52075    212081    205678   1280444   1210570    264183    260065     16826     16535     50620     48566
2I1087  8    3350841   1713493   1637348   1384579   1315460    260073    254817     18633     17716     50208     49355    199874    192236   1201046   1138759    250080    245435     15743     14914     46750     46004
2I1087  9    3402035   1743319   1658716   1407497   1330534    266218    260692     18759     18096     50845     49394    203358    194878   1220817   1151547    256179    251117     15719     15237     47246     45937
2I1087 10    3449348   1770970   1678378   1433776   1350713    269390    262935     17709     16919     50095     47811    195066    185268   1253602   1179624    260071    254021     15532     14840     46699     44625
2I1087 11    3217622   1647197   1570425   1334142   1264704    247260    242109     17205     16568     48590     47044    189855    181873   1158487   1096105    238271    233965     15202     14569     45382     43913
2I1087 12    3238869   1659684   1579185   1341331   1269066    250310    244917     17657     17115     50386     48087    183040    176106   1171826   1105843    241837    237010     15737     15225     47244     45001
2I1087 13    3230334   1653761   1576573   1333877   1265903    248528    243239     17992     17590     53364     49841    177511    171439   1169828   1107155    240335    235505     16092     15785     49995     46689
2I1087 14    3286278   1681223   1605055   1350348   1282309    258248    253439     18608     17967     54019     51340    177994    170390   1186177   1125463    250079    245072     16509     16032     50464     48098
2I1087 15    3447910   1764999   1682911   1419171   1346900    271540    265642     19087     18287     55201     52082    185313    175378   1247943   1185382    263165    257290     16935     16161     51643     48700
2I1087 16    3786135   1942353   1843782   1575570   1491049    291700    282501     18985     18093     56098     52139    196093    182324   1394156   1322403    282698    274095     16789     16094     52617     48866
2I1087 17    3861539   1989002   1872537   1630055   1530509    283726    272975     19522     18277     55699     50776    209426    189275   1436506   1355370    273793    264246     17188     16225     52089     47421
2I1087 18    3736719   1909060   1827659   1560725   1488184    274140    271813     18055     16897     56140     50765    199165    177819   1376863   1324598    264435    262704     15892     14985     52705     47553
2I1087 19    3842821   1959582   1883239   1605787   1532366    275617    278939     18812     17191     59366     54743    213642    187157   1409215   1360593    264616    268967     16525     15303     55584     51219
2I1087 20    3888097   1989358   1898739   1632886   1548123    280221    281150     18136     16817     58115     52649    219855    189328   1431082   1374606    268405    270846     15857     14913     54159     49046
2I1087 21    3885201   1988573   1896628   1631148   1545057    280512    281821     18351     16818     58562     52932    229540    195166   1420452   1366070    268473    271271     15814     14894     54294     49227
2I1087 22    3997680   2040985   1956695   1688525   1602062    275513    283927     19153     17660     57794     53046    236209    200184   1471263   1418186    263270    273350     16601     15642     53642     49333
2I1087 23    4166408   2119486   2046922   1764804   1683066    276152    289812     19346     18285     59184     55759    243619    207387   1540315   1492584    263793    278840     16822     16229     54937     51882
2I1087 24    4303067   2183339   2119728   1824454   1746923    277604    294433     19211     18364     62070     60008    254688    215211   1589578   1549364    264764    283084     16614     16173     57695     55896
2I1087 25    4345686   2198617   2147069   1843173   1773746    274708    293567     18176     17478     62560     62278    251669    211992   1611143   1579037    262181    282603     15587     15346     58037     58091
2I1087 26    4412937   2223176   2189761   1872141   1813394    272408    295796     17044     17333     61583     63238    244650    208592   1646522   1622149    259992    284640     14681     15143     57331     59237
2I1087 27    4413556   2220455   2193101   1873124   1815608    267872    294211     16921     17207     62538     66075    239612    206479   1652295   1626381    255653    283085     14600     15247     58295     61909
2I1087 28    4226554   2123586   2102968   1792581   1743206    255301    279716     15863     16222     59841     63824    214540    189310   1594780   1569215    244402    269919     13807     14467     56057     60057
2I1087 29    4548328   2286514   2261814   1924959   1868746    277070    304194     16624     16758     67861     72116    229253    203685   1713688   1681866    265464    293393     14382     14858     63727     68012
2I1087 30    4506116   2255873   2250243   1903614   1863972    268969    298334     16005     16382     67285     71555    209686    192962   1710280   1687067    258430    288273     13840     14301     63637     67640
2I1087 31    4277246   2135603   2141643   1803279   1773222    250197    280913     16476     17245     65651     70263    194272    181969   1624531   1606081    240284    271677     14303     15267     62213     66649
2I1087 32    4185957   2089092   2096865   1768720   1739226    239783    271552     15657     16595     64932     69492    186596    175595   1596826   1577825    230315    262781     13855     14813     61500     65851
2I1087 33    4091757   2030917   2060840   1724669   1714785    227697    261496     13832     14321     64719     70238    172753    164526   1565298   1563698    219388    253293     12153     12820     61325     66503
2I1087 34    4110000   2049748   2060252   1740676   1714576    230225    261327     14135     14622     64712     69727    170646    163495   1583210   1564877    221913    252823     12535     13018     61444     66039
2I1087 35    3998507   1988079   2010428   1696274   1678878    216731    250001     15612     16542     59462     65007    156916    153994   1551829   1537778    209051    242042     13837     14884     56446     61730
2I1087 36    3811267   1888816   1922451   1613300   1603718    205081    240656     14502     15853     55933     62224    146597    143685   1478420   1471446    197643    233505     12955     14415     53201     59400
2I1087 37    3673502   1818530   1854972   1547995   1544726    201880    233133     13658     14882     54997     62231    143707    141951   1415479   1414143    194648    225985     12319     13525     52377     59368
2I1087 38    3507196   1731043   1776153   1486877   1492013    181564    212576     11639     12666     50963     58898    127500    128301   1368860   1374032    175560    206289     10515     11512     48608     56019
2I1087 39    3774621   1869509   1905112   1604337   1601895    197039    226728     12172     12745     55961     63744    133815    134975   1481093   1477899    190401    219786     10920     11580     53280     60872
2I1087 40    3988893   1967388   2021505   1721719   1735843    181760    212981     12336     12987     51573     59694    123839    126892   1607360   1619241    175992    206746     11028     11744     49169     56882
2I1087 41    3034829   1498712   1536117   1303279   1308732    141401    167181     11149     11441     42883     48763    109964    113215   1201768   1204571    136341    161678      9974     10338     40665     46315
2I1087 42    2847014   1402515   1444499   1212297   1223859    138043    163523     10800     11077     41375     46040    101616    103710   1118608   1128612    133099    158238      9753     10074     39439     43865
2I1087 43    2849431   1397907   1451524   1210475   1234556    136039    160967     11012     11873     40381     44128     98990    103372   1119043   1139655    131271    155555     10063     10912     38540     42030
2I1087 44    3122757   1538793   1583964   1347392   1365586    143896    167240      9435     10341     38070     40797     94333     98731   1260074   1274815    139392    162067      8629      9500     36365     38851
2I1087 45    2769491   1363209   1406282   1184335   1200683    134308    157573      8838      9252     35728     38774     87562     92786   1103217   1115359    130177    152699      8103      8475     34150     36963
2I1087 46    2536191   1242541   1293650   1079607   1102642    121554    147222      8443      8773     32937     35013     81409     84277   1004300   1024946    117664    142997      7711      8068     31457     33362
2I1087 47    2437236   1191452   1245784   1027372   1054998    122065    147275      8725      8984     33290     34527     83516     86404    950587    975592    117598    142726      8026      8253     31725     32809
2I1087 48    2264442   1105877   1158565    963368    992709    106042    128326      7510      7967     28957     29563     73835     78039    895098    920863    102480    124188      6950      7332     27514     28143
2I1087 49    2442966   1197213   1245753   1035961   1061786    120900    143360      8113      8403     32239     32204     77235     81791    964691    986582    117089    138983      7485      7711     30713     30686
2I1087 50    2293130   1116244   1176886    969060   1004993    110361    133985      7357      7808     29466     30100     70298     75751    904173    935003    106923    130173      6719      7199     28131     28760
2I1087 51    2161634   1049787   1111847    916483    954267    100446    122916      6674      7296     26184     27368     66614     72359    854662    887288     97313    119371      6150      6760     25048     26069
2I1087 52    2178694   1056920   1121774    925810    965481     99915    122349      6563      6995     24632     26949     65734     70680    864626    899907     96871    118922      6037      6486     23652     25779
2I1087 53    2130490   1031621   1098869    905232    946888     97397    119106      6338      6631     22654     26244     63157     68231    846313    883615     94566    115712      5844      6106     21741     25205
2I1087 54    2108214   1016421   1091793    887755    936576    100192    121353      6294      6919     22180     26945     60626     66949    831615    874769     97169    117994      5762      6348     21249     25733
2I1087 55    2103025   1005703   1097322    878572    941757     99975    122711      5861      6777     21295     26077     57932     64205    824928    882322     97097    119513      5415      6309     20331     24973
2I1087 56    2182526   1040718   1141808    921249    990801     94386    120215      5257      6156     19826     24636     58863     64381    866181    930802     91823    117243      4880      5703     18971     23679
2I1087 57    2244123   1072106   1172017    949691   1020113     97195    120829      5644      6197     19576     24878     60649     67865    893076    957123     94490    117509      5210      5735     18681     23785
2I1087 58    2123532   1011005   1112527    902357    976727     86019    107223      5135      5529     17494     23048     54124     61583    851667    919658     83789    104208      4712      5082     16713     21996
2I1087 59    2254302   1066622   1187680    950424   1041996     92062    115084      5396      5745     18740     24855     55040     62013    898982    984516     89684    112043      4962      5305     17954     23803
2I1087 60    2213770   1030912   1182858    917130   1037453     91028    116065      4935      5546     17819     23794     49871     57446    870779    984201     88669    113249      4547      5134     17046     22828
2I1087 61    2136479    992827   1143652    887665   1007574     83841    109066      4660      4989     16661     22023     47169     54894    843611    956554     81807    106508      4305      4577     15935     21119
2I1087 62    2139572    989902   1149670    885506   1014002     82881    109045      4692      5195     16823     21428     45502     53689    843007    964004     80939    106656      4325      4799     16129     20522
2I1087 63    2160974   1001145   1159829    901760   1030082     78823    104483      4384      5078     16178     20186     44062     50320    860419    983192     77067    102195      4046      4753     15551     19369
2I1087 64    2142807    981889   1160918    879451   1026737     81212    108649      4395      5181     16831     20351     42338     48965    839753    981536     79474    106083      4097      4824     16227     19510
2I1087 65    2105941    958658   1147283    859795   1016548     79027    106743      4290      4651     15546     19341     39388     46026    822882    974022     77356    104328      4015      4338     15017     18569
2I1087 66    2058242    935389   1122853    845277   1003421     72322     97915      3557      4282     14233     17235     36163     43605    811269    962804     70906     95859      3319      4014     13732     16571
2I1087 67    1964410    885812   1078598    799053    961839     69685     95936      3470      4093     13604     16730     33359     41866    767795    922960     68317     93863      3222      3842     13119     16067
2I1087 68    1812484    804937   1007547    726179    900972     63379     87890      3184      3824     12195     14861     28650     36875    699456    866671     62087     86177      2985      3592     11759     14232
2I1087 69    1814428    794099   1020329    715148    912202     64263     89797      2930      3743     11758     14587     26524     35690    690482    879084     62986     88021      2751      3535     11356     13999
2I1087 70    1719708    745442    974266    671043    871151     61073     86595      2607      3310     10719     13210     23436     31802    649407    841632     59859     85005      2408      3095     10332     12732
2I1087 71    1617801    692135    925666    625920    831686     53644     78508      2550      3225     10021     12247     21792     30496    605693    803366     52676     77028      2336      3011      9638     11765
2I1087 72    1508614    635900    872714    575926    783816     48262     74472      2374      3171      9338     11255     20291     29168    557019    756715     47375     73046      2243      2979      8972     10806
2I1087 73    1457066    606987    850079    552764    766559     43379     69964      2069      3089      8775     10467     20033     28865    533959    739592     42607     68686      1978      2911      8410     10025
2I1087 74    1424769    582569    842200    529417    760356     42726     68877      2032      3047      8394      9920     19227     28511    511469    733798     41963     67507      1929      2878      7981      9506
2I1087 75    1349463    545838    803625    493909    724331     42249     67483      1915      2665      7765      9146     17840     26343    477328    699649     41500     66324      1765      2522      7405      8787
2I1087 76    1244688    494184    750504    447838    678920     37869     61306      1830      2509      6647      7769     16249     24800    432774    655589     37127     60314      1689      2353      6345      7448
2I1087 77    1166112    451513    714599    408399    646100     34843     58738      1728      2460      6543      7301     15420     23535    394121    623993     34206     57721      1613      2326      6153      7024
2I1087 78    1069128    405379    663749    367538    603843     30672     51463      1329      2203      5840      6240     13498     20604    354903    584520     30174     50549      1258      2079      5546      5997
2I1087 79     990916    364648    626268    327400    566525     30292     52133      1256      2076      5700      5534     12498     19134    315796    548599     29792     51289      1170      1955      5392      5291
2I1087 80     884989    318955    566034    287945    515638     25360     44021      1118      1706      4532      4669     10981     16618    277758    499903     24903     43406      1045      1628      4268      4479
2I1087 81     800937    281787    519150    257506    477947     19518     35724       901      1468      3862      4011      9875     15355    248285    463397     19167     35142       851      1413      3609      3843
2I1087 82     721280    248151    473129    226590    434890     17607     33368       814      1301      3140      3570      9019     14196    218147    421410     17279     32869       760      1240      2946      3414
2I1087 83     644669    215061    429608    195921    394484     15724     30846       698      1129      2718      3149      7921     12477    188468    382619     15448     30444       647      1045      2577      3023
2I1087 84     575454    185593    389861    168087    356762     14471     29070       695      1090      2340      2939      6938     11149    161597    346217     14209     28610       622      1037      2227      2848
2I1087 85     507645    159934    347711    144481    319041     12746     25253       566       925      2141      2492      5818      9229    139048    310313     12509     24886       541       886      2018      2397
2I1087 86     433714    133414    300300    121553    277145      9675     20233       458       825      1728      2097      5083      8444    116801    269122      9481     19932       425       782      1624      2020
2I1087 87     373652    111543    262109    101512    241968      8067     17519       390       692      1574      1930      4119      7268     97674    235082      7915     17254       369       637      1466      1868
2I1087 88     308955     89699    219256     81412    202659      6772     14533       362       574      1153      1490      3118      5055     78545    197876      6600     14343       340       524      1096      1458
2I1087 89     276143     76093    200050     67237    182227      7579     15939       360       544       917      1340      2374      4036     65086    178417      7445     15776       333       504       855      1317
2I1087 90     205932     53661    152271     48270    140825      4504     10221       249       372       638       853      1659      3047     46771    137948      4400     10097       235       337       596       842
2I1087 91     160490     38935    121555     35591    113280      2726      7296       157       261       461       718      1309      2656     34407    110782      2654      7185       139       240       426       692
2I1087 92     136308     34039    102269     31040     94681      2634      6800       107       229       258       559      1128      2248     29984     92534      2589      6728        98       215       240       544
2I1087 93     117010     29957     87053     27071     79893      2648      6499        86       188       152       473       958      1859     26183     78137      2610      6425        80       178       126       454
2I1087 94      94855     23808     71047     21555     64755      2056      5605        73       192       124       495       750      1531     20861     63313      2015      5547        67       184       115       472
2I1087 95      67236     15229     52007     13851     47569      1148      3898        70       133       160       407       507      1138     13376     46503      1130      3841        67       126       149       399
2I1087 96      49044     10720     38324      9579     35078       883      2814        50       113       208       319       363       824      9232     34298       874      2785        48       105       203       312
2I1087 97      35875      7772     28103      6677     25488       787      2257        68        73       240       285       272       635      6424     24889       780      2237        62        68       234       274
2I1087 98      24343      5243     19100      4517     17242       574      1600        43        62       109       196       190       487      4342     16815       568      1557        40        55       103       186
2I1087 99      20003      4816     15187      4141     13506       598      1492        35        53        42       136       203       408      3961     13145       586      1460        31        47        35       127
2I1087100      34357      7870     26487      6258     22609      1405      3497        76       135       131       246       483       895      5874     21849      1342      3415        58       113       113       215
2I 188999  243980891 119014806 124966085 100797019 105084715  14071308  15588533    937033    953186   3209446   3339651  10354237  10032308  91247117  95848379  13562170  15083067    829422    851994   3021860   3150337
2I 188  0    3724622   1905177   1819445   1534318   1457059    290937    286233     21112     20268     58810     55885    233365    224098   1320285   1251436    278715    274519     18361     17667     54451     51725
2I 188  1    3604571   1844180   1760391   1489978   1416415    277151    270704     20163     19256     56888     54016    224016    214365   1284365   1219696    265530    259479     17594     16793     52675     50058
2I 188  2    3630079   1858430   1771649   1504961   1427172    274855    268306     20635     20029     57979     56142    222398    212405   1300644   1231975    263330    257424     18146     17567     53912     52278
2I 188  3    3561190   1820950   1740240   1475382   1402128    268695    262433     20012     19925     56861     55754    208833    200340   1283128   1217983    258182    252312     17732     17586     53075     52019
2I 188  4    3581779   1833234   1748545   1482964   1405005    272082    267138     20595     19914     57593     56488    209704    200712   1289577   1220315    261818    257010     18323     17709     53812     52799
2I 188  5    3625139   1854437   1770702   1499260   1424797    275868    268915     20833     19893     58476     57097    213917    205534   1301765   1235157    265593    258913     18527     17676     54635     53422
2I 188  6    3576223   1829681   1746542   1484205   1408811    271374    265192     18363     17850     55739     54689    208196    199846   1291659   1224125    261529    255636     16169     15754     52128     51181
2I 188  7    3576994   1830324   1746670   1482216   1405389    273606    269131     19568     19463     54934     52687    211055    204260   1287104   1216737    263769    259471     17166     17115     51230     49087
2I 188  8    3382028   1730293   1651735   1398072   1326930    261771    256074     18996     18023     51454     50708    204141    196965   1210804   1146044    251474    246403     15978     15076     47896     47247
2I 188  9    3426354   1754215   1672139   1412794   1338789    269933    264195     19253     18390     52235     50765    204261    195376   1225583   1159670    259705    254425     16118     15446     48548     47222
2I 188 10    3457006   1774239   1682767   1437413   1354391    268881    263053     17830     17247     50115     48076    196419    186495   1256216   1182370    259408    254021     15582     15088     46614     44793
2I 188 11    3249629   1664962   1584667   1348480   1275805    249683    244941     17477     16644     49322     47277    191793    183827   1171314   1105690    240485    236450     15401     14619     45969     44081
2I 188 12    3218885   1648854   1570031   1329691   1259018    251228    245114     17731     17259     50204     48640    184500    177517   1158945   1094722    242593    237081     15755     15254     47061     45457
2I 188 13    3257483   1667716   1589767   1347491   1278886    248450    243317     18095     17606     53680     49958    180458    173886   1180852   1117839    240004    235461     16162     15794     50240     46787
2I 188 14    3249991   1663714   1586277   1336037   1267266    254808    249732     18543     17928     54326     51351    177860    170759   1172157   1110198    246563    241301     16417     15974     50717     48045
2I 188 15    3396572   1739248   1657324   1395927   1322803    268980    263560     19181     18393     55160     52568    186371    175897   1223931   1161125    260421    254970     16996     16223     51529     49109
2I 188 16    3698212   1897744   1800468   1536246   1453489    286288    276505     18900     17987     56310     52487    195429    181341   1355581   1285879    277318    268142     16663     15949     52753     49157
2I 188 17    3912618   2014859   1897759   1647384   1547759    290940    279891     19773     18460     56762     51649    213329    192176   1450428   1370105    280682    270913     17389     16381     53031     48184
2I 188 18    3746850   1915542   1831308   1564280   1488879    275899    273567     18274     17097     57089     51765    203157    180607   1376944   1322803    265959    264342     15996     15106     53486     48450
2I 188 19    3879471   1980917   1898554   1624503   1547932    276696    277759     18999     17409     60719     55454    216822    189404   1425148   1374185    265484    267682     16635     15464     56828     51819
2I 188 20    3860991   1975336   1885655   1619888   1534583    278429    280514     18218     16643     58801     53915    222005    189996   1416178   1360615    266497    270097     15887     14718     54769     50229
2I 188 21    3870738   1981049   1889689   1626477   1540175    277601    279425     18196     16878     58775     53211    231370    196192   1414341   1360396    265323    268743     15597     14918     54418     49440
2I 188 22    3930835   2010548   1920287   1659605   1568990    273620    280580     18922     17292     58401     53425    236702    199831   1442133   1385600    261322    269955     16295     15259     54096     49642
2I 188 23    4147924   2107969   2039955   1752054   1673974    276844    291224     19366     18347     59705     56410    245508    208505   1525951   1482633    264275    280144     16826     16236     55409     52437
2I 188 24    4281111   2174377   2106734   1815747   1735097    276901    293092     19221     18422     62508     60123    255331    215311   1580662   1537656    263797    281522     16558     16248     58029     55997
2I 188 25    4327411   2189208   2138203   1832327   1764072    274661    293084     18578     17685     63642     63362    253856    214999   1598398   1566657    261997    282002     15930     15477     59027     59068
2I 188 26    4399204   2217113   2182091   1864314   1805088    272893    295537     17211     17359     62695     64107    246687    209449   1637098   1613193    260245    284266     14771     15164     58312     60019
2I 188 27    4420298   2225106   2195192   1877094   1816989    267632    294397     17000     17425     63380     66381    241042    208090   1655091   1626514    255231    283079     14634     15346     59108     62163
2I 188 28    4215463   2117236   2098227   1786717   1738690    253967    278568     16209     16399     60343     64570    218089    191931   1585882   1562401    242832    268594     14051     14586     56382     60715
2I 188 29    4553117   2288627   2264490   1922730   1867386    279964    307096     16913     17246     69020     72762    231076    204776   1710041   1679629    268023    296128     14650     15345     64837     68612
2I 188 30    4514254   2259768   2254486   1907233   1867261    268504    298473     16126     16365     67905     72387    212579    195219   1711408   1688492    257815    288172     13860     14242     64106     68361
2I 188 31    4309801   2153453   2156348   1817181   1785235    252989    283059     16380     17011     66903     71043    197107    184040   1635969   1616354    242787    273632     14202     14993     63388     67329
2I 188 32    4195724   2091733   2103991   1769258   1743518    241037    273120     16453     17712     64985     69641    188881    177891   1595512   1580258    231298    264068     14525     15797     61517     65977
2I 188 33    4129056   2050346   2078710   1739831   1727857    230895    265188     13857     14278     65763     71387    176817    167368   1577004   1574158    222163    256814     12136     12774     62226     67596
2I 188 34    4135436   2064549   2070887   1751098   1720970    233383    264519     14154     14553     65914     70845    172748    165265   1591812   1569871    224866    255771     12526     12927     62597     67053
2I 188 35    4029018   2001774   2027244   1706150   1691415    218800    252309     15841     16868     60983     66652    160689    157082   1558369   1547719    210892    244122     13999     15118     57825     63203
2I 188 36    3850128   1908826   1941302   1631506   1622143    206000    240719     14549     15709     56771     62731    148031    145146   1495571   1488643    198370    233383     12937     14263     53917     59867
2I 188 37    3684500   1824847   1859653   1551354   1545513    203729    235807     14120     15451     55644     62882    145712    143365   1417186   1413832    196270    228491     12695     14005     52984     59960
2I 188 38    3506171   1731055   1775116   1484466   1488120    183015    214237     11791     12822     51783     59937    130355    130725   1363920   1367938    176780    207800     10641     11645     49359     57008
2I 188 39    3796337   1881115   1915222   1609714   1606110    201723    231168     12311     12841     57367     65103    135195    135980   1485396   1481470    194885    223997     11019     11641     54620     62134
2I 188 40    3862082   1903677   1958405   1659826   1674568    179660    210747     12508     13214     51683     59876    125762    128620   1543841   1556438    173667    204336     11176     11965     49231     57046
2I 188 41    3369265   1665324   1703941   1455109   1460086    152903    179809     11535     11958     45777     52088    114253    117300   1349672   1352224    147641    174149     10314     10783     43444     49485
2I 188 42    2822852   1390503   1432349   1200290   1211785    137442    162701     10810     10876     41961     46987    102212    104781   1106174   1115671    132407    157274      9713      9858     39997     44765
2I 188 43    2853197   1400060   1453137   1209964   1232097    137342    163222     11259     12180     41495     45638    101209    104594   1116612   1136131    132425    157742     10258     11186     39556     43484
2I 188 44    3060225   1508153   1552072   1315853   1332999    144155    167252      9551     10474     38594     41347     95246     99618   1227822   1241553    139469    161979      8732      9598     36884     39324
2I 188 45    2889283   1423107   1466176   1242449   1258968    135130    158314      9010      9440     36518     39454     89748     95249   1159341   1171341    130941    153308      8233      8644     34844     37634
2I 188 46    2572437   1260166   1312271   1094445   1118251    123602    149089      8543      8978     33576     35953     81869     85029   1018790   1040008    119612    144764      7803      8238     32092     34232
2I 188 47    2455251   1200448   1254803   1035590   1062461    122050    147930      8873      8988     33935     35424     83820     86676    958578    982827    117592    143375      8138      8250     32320     33675
2I 188 48    2253501   1100370   1153131    957213    986753    106194    128189      7566      8134     29397     30055     75133     79031    887789    914012    102496    124019      6999      7479     27953     28590
2I 188 49    2469823   1210427   1259396   1047069   1073036    122188    145028      8230      8505     32940     32827     77837     82513    975376    997322    118279    140515      7584      7787     31351     31259
2I 188 50    2319021   1129523   1189498    979629   1014698    112241    136068      7518      7963     30135     30769     71603     76916    913583    943719    108720    132129      6853      7334     28764     29400
2I 188 51    2153308   1045960   1107348    912703    950089     99879    122248      6783      7349     26595     27662     66855     72547    850770    882947     96665    118744      6240      6789     25430     26321
2I 188 52    2179987   1056871   1123116    925033    966094    100138    122636      6555      7114     25145     27272     65630     70946    864041    900419     97068    119076      6020      6606     24112     26069
2I 188 53    2164426   1048191   1116235    921062    962849     97516    120140      6474      6693     23139     26553     64928     69857    860470    898004     94618    116738      5970      6154     22205     25482
2I 188 54    2096098   1011569   1084529    882468    929833    100072    120606      6380      6931     22649     27159     60945     67001    826029    868095     97050    117156      5835      6348     21710     25929
2I 188 55    2085626    997771   1087855    870462    932269     99761    122213      5955      6907     21593     26466     57971     64930    816935    872310     96801    118908      5481      6421     20583     25286
2I 188 56    2164268   1032156   1132112    912669    980891     94117    120204      5289      6151     20081     24866     58482     63582    858005    921603     91556    117298      4907      5701     19206     23928
2I 188 57    2238588   1067229   1171359    944597   1018671     97176    121230      5614      6282     19842     25176     60650     68003    888023    955644     94439    117840      5188      5807     18929     24065
2I 188 58    2117307   1010286   1107021    901817    971429     85556    106839      5209      5546     17704     23207     54794     62262    850519    913701     83294    103823      4764      5098     16915     22137
2I 188 59    2237955   1059095   1178860    942661   1032646     91972    115141      5441      5825     19021     25248     55529     62712    890791    974611     89562    112004      4996      5364     18217     24169
2I 188 60    2223724   1037485   1186239    923628   1040590     90799    115966      4997      5601     18061     24082     50818     58116    876387    986731     88417    113114      4593      5178     17270     23100
2I 188 61    2133973    991671   1142302    886211   1005600     83932    109226      4670      5075     16858     22401     47346     55431    842039    954122     81853    106611      4304      4661     16129     21477
2I 188 62    2120590    980774   1139816    876231   1003454     82971    109359      4723      5135     16849     21868     45774     53963    833480    953294     81015    106926      4364      4720     16141     20913
2I 188 63    2168101   1004422   1163679    904861   1033611     78782    104533      4397      5153     16382     20382     44369     51460    863313    985597     76979    102232      4042      4821     15719     19569
2I 188 64    2155830    987658   1168172    884748   1033025     81566    109218      4414      5237     16930     20692     42984     49595    844406    987226     79817    106611      4105      4883     16346     19857
2I 188 65    2079723    945406   1134317    846004   1002692     79160    107172      4361      4732     15881     19721     39630     46453    808935    959904     77448    104711      4072      4383     15321     18866
2I 188 66    2078404    943920   1134484    853107   1014108     72654     98493      3620      4351     14539     17532     37134     44320    818187    972824     71204     96382      3381      4092     14014     16866
2I 188 67    1985035    895918   1089117    808410    971390     70162     96597      3501      4138     13845     16992     33541     42299    776943    932072     68831     94531      3243      3874     13360     16341
2I 188 68    1819632    808685   1010947    729386    903510     63478     88273      3262      3891     12559     15273     29887     38073    701505    868119     62149     86499      3045      3645     12099     14611
2I 188 69    1807677    790684   1016993    711566    908494     64226     89928      2971      3800     11921     14771     26526     35854    686910    875256     62933     88119      2798      3593     11517     14171
2I 188 70    1735289    753626    981663    679008    878228     61147     86717      2626      3354     10845     13364     24170     32547    656640    847977     59937     85117      2428      3134     10451     12888
2I 188 71    1626920    695776    931144    629369    836929     53676     78531      2550      3270     10181     12414     21905     30848    609070    808351     52683     77004      2333      3042      9785     11899
2I 188 72    1507109    636223    870886    575933    781640     48513     74590      2424      3111      9353     11545     20281     28948    557040    754708     47616     73204      2270      2924      9016     11102
2I 188 73    1459733    608316    851417    554056    767812     43373     69973      2078      3134      8809     10498     20102     29104    535199    740662     42575     68656      1993      2951      8447     10044
2I 188 74    1428606    584352    844254    531256    762223     42497     68798      2027      3080      8572     10153     19420     28740    513104    735481     41748     67405      1921      2902      8159      9726
2I 188 75    1355017    548245    806772    496229    727052     42241     67699      1931      2704      7844      9317     18035     26743    479466    701982     41479     66535      1779      2559      7486      8953
2I 188 76    1250666    496886    753780    450352    681691     37957     61645      1820      2536      6757      7908     16221     24813    435281    658412     37231     60599      1687      2373      6466      7583
2I 188 77    1172496    454432    718064    411042    649054     35041     59122      1780      2457      6569      7431     15646     24088    396558    626367     34375     58133      1669      2324      6184      7152
2I 188 78    1075300    408158    667142    370235    606901     30625     51629      1348      2226      5950      6386     13714     20943    357411    587279     30126     50696      1261      2097      5646      6127
2I 188 79     997175    367051    630124    329528    569713     30473     52643      1261      2114      5789      5654     12538     19415    317884    551555     29971     51760      1172      1987      5486      5407
2I 188 80     889792    320747    569045    289600    518310     25445     44290      1119      1733      4583      4712     11058     16826    279324    502385     24985     43674      1051      1644      4329      4516
2I 188 81     806790    284012    522778    259496    481173     19652     36020       919      1482      3945      4103      9901     15502    250257    466483     19301     35425       863      1432      3690      3936
2I 188 82     727560    250490    477070    228709    438462     17720     33674       808      1326      3253      3608      9135     14347    220144    424869     17393     33151       767      1262      3051      3441
2I 188 83     649709    216767    432942    197489    397493     15773     31083       711      1146      2794      3220      7988     12741    189995    385374     15491     30674       653      1060      2640      3093
2I 188 84     579890    187077    392813    169350    359351     14600     29393       718      1107      2409      2962      7008     11359    162801    348592     14345     28939       640      1051      2283      2872
2I 188 85     510637    160721    349916    145198    320974     12779     25453       569       938      2175      2551      5978      9502    139617    312016     12530     25057       542       896      2054      2445
2I 188 86     436355    134053    302302    122103    278911      9761     20469       460       830      1729      2092      4964      8169    117448    271148      9578     20180       432       780      1631      2025
2I 188 87     375563    112113    263450    101991    243161      8133     17656       390       714      1599      1919      4286      7697     98002    235874      7981     17368       368       659      1476      1852
2I 188 88     310549     90103    220446     81870    203706      6672     14543       356       586      1205      1611      3258      5289     78854    198698      6507     14358       335       535      1149      1566
2I 188 89     279284     77081    202203     68100    184063      7679     16249       364       533       938      1358      2441      4126     65894    180156      7541     16081       334       501       871      1339
2I 188 90     207527     54253    153274     48790    141716      4549     10291       254       391       660       876      1664      3084     47269    138824      4454     10164       242       346       624       856
2I 188 91     161443     39203    122240     35835    113975      2737      7267       159       267       472       731      1312      2637     34656    111487      2663      7159       142       247       430       710
2I 188 92     135648     33510    102138     30590     94637      2523      6700        97       228       300       573      1124      2287     29545     92458      2483      6626        95       210       263       557
2I 188 93     117144     30008     87136     27105     80028      2655      6441        90       185       158       482       966      1877     26212     78261      2616      6369        82       176       132       453
2I 188 94      95214     23803     71411     21539     65092      2071      5628        73       191       120       500       757      1539     20840     63641      2029      5570        67       185       110       476
2I 188 95      67810     15481     52329     14082     47857      1179      3935        68       133       152       404       513      1145     13600     46787      1160      3875        66       124       142       398
2I 188 96      49425     10777     38648      9656     35371       879      2834        50       110       192       333       381       831      9294     34577       870      2814        47       101       185       325
2I 188 97      36350      7874     28476      6771     25825       794      2297        64        78       245       276       262       645      6527     25224       789      2273        58        74       238       260
2I 188 98      24710      5311     19399      4578     17545       573      1595        49        65       111       194       199       490      4397     17106       566      1560        45        56       104       187
2I 188 99      20287      4846     15441      4176     13735       606      1518        30        48        34       140       207       421      3989     13364       597      1480        26        42        27       134
2I 188100      40491     13251     27240     11576     23231      1449      3603        72       141       154       265       514       903     11181     22473      1372      3513        54       117       130       234

