2I 481999  229403039 111680607 117722432  96041670 100588664  12893624  14277899    729795    743912   2015518   2111957   7710826   7693006  88762297  93345787  12606640  13974416    677347    692046   1923497   2017177
2I 481  0    3602817   1843467   1759350   1515055   1436228    271002    267461     16764     16356     40646     39305    180106    171280   1344658   1274443    264499    261074     15669     15290     38535     37263
2I 481  1    3409901   1744394   1665507   1433431   1360118    257584    253605     16331     15869     37048     35915    182899    176783   1261066   1193521    250649    246888     14780     14377     35000     33938
2I 481  2    3268739   1670647   1598092   1367527   1300224    250988    246758     16054     15385     36078     35725    169933    162522   1207610   1147368    244441    240420     14566     13951     34097     33831
2I 481  3    3277060   1675301   1601759   1378064   1309450    246710    242313     15114     14986     35413     35010    171268    164761   1216624   1154175    240312    236119     13646     13570     33451     33134
2I 481  4    3215769   1645347   1570422   1348948   1280101    245662    241411     15205     14226     35532     34684    170214    163751   1188394   1125598    239288    235225     13805     12918     33646     32930
2I 481  5    3144278   1608455   1535823   1319025   1251747    240544    235941     14319     14069     34567     34066    165866    159710   1162264   1100663    234438    230350     13040     12771     32847     32329
2I 481  6    3170602   1623199   1547403   1336654   1267445    237108    232463     14188     13746     35249     33749    163215    157164   1182398   1118514    231171    226994     12984     12630     33431     32101
2I 481  7    3166933   1620192   1546741   1326023   1259299    243396    238601     14662     14294     36111     34547    158848    153646   1176061   1114176    237645    233022     13419     13104     34219     32793
2I 481  8    3167616   1619865   1547751   1325058   1257757    244757    241508     14711     14337     35339     34149    155552    148370   1178214   1117848    239153    235997     13472     13142     33474     32394
2I 481  9    3505722   1791110   1714612   1470553   1399180    266914    263185     15997     15711     37646     36536    162920    157568   1316799   1250450    261111    257557     14650     14407     35630     34630
2I 481 10    3834303   1964336   1869967   1622039   1536558    288158    281795     16578     16068     37561     35546    168908    162406   1462782   1383303    281835    275772     15266     14818     35545     33668
2I 481 11    3680737   1881422   1799315   1559882   1485696    269511    263663     15922     15754     36107     34202    158922    154664   1409937   1339713    263639    258029     14654     14496     34270     32413
2I 481 12    3576665   1826991   1749674   1518811   1445208    257564    256067     15975     15526     34641     32873    151355    147348   1375970   1306355    251908    250426     14806     14352     32952     31193
2I 481 13    3546987   1810042   1736945   1496104   1427174    264524    262807     15949     15314     33465     31650    148576    145270   1356143   1290525    258747    256961     14792     14173     31784     30016
2I 481 14    3668867   1871987   1796880   1548828   1478359    274018    271872     16035     15970     33106     30679    150784    147709   1406991   1339576    267974    265771     14847     14815     31391     29009
2I 481 15    3818553   1949809   1868744   1607265   1534474    291540    286639     17037     16257     33967     31374    156751    151952   1459810   1391697    285237    280331     15814     15078     32197     29686
2I 481 16    4062924   2071378   1991546   1716756   1644508    302387    298083     17793     17287     34442     31668    163221    157773   1563175   1496263    295632    291490     16589     16065     32761     29955
2I 481 17    4184494   2144043   2040451   1785515   1692548    304540    298409     18041     17247     35947     32247    169287    159222   1626214   1542858    297636    291804     16758     16040     34148     30527
2I 481 18    4186962   2127522   2059440   1777179   1712534    296347    297190     17824     16883     36172     32833    172355    161624   1614604   1560521    289630    290649     16560     15625     34373     31021
2I 481 19    4474704   2267228   2207476   1902310   1843438    307842    311531     17857     17244     39219     35263    183617    167313   1729483   1686288    300431    304548     16468     15962     37229     33365
2I 481 20    4480458   2270437   2210021   1915734   1849964    298114    306992     17219     16789     39370     36276    184293    167271   1741943   1692923    290908    300048     15878     15471     37415     34308
2I 481 21    4367588   2210911   2156677   1869805   1808835    285797    295186     16590     15831     38719     36825    182372    163402   1697958   1655217    278710    288473     15247     14705     36624     34880
2I 481 22    4311255   2174895   2136360   1848524   1794224    272438    289454     15486     15198     38447     37484    176533    159250   1681971   1644640    265579    282820     14275     14089     36537     35561
2I 481 23    4335620   2180117   2155503   1860443   1815539    266957    285887     14372     14048     38345     40029    177492    162045   1692757   1663353    260420    279265     13103     12873     36345     37967
2I 481 24    4295175   2161624   2133551   1844621   1792319    262747    285304     14630     14478     39626     41450    174889    160767   1679681   1641368    255966    278702     13408     13309     37680     39405
2I 481 25    4225527   2118421   2107106   1809678   1770102    254300    277885     14556     15217     39887     43902    170074    158098   1649273   1621593    247814    271575     13329     14027     37931     41813
2I 481 26    4124396   2066903   2057493   1771985   1730882    241678    268077     12128     12232     41112     46302    162620    151452   1618470   1588413    235595    262239     11113     11280     39105     44109
2I 481 27    4046762   2020546   2026216   1732171   1707815    233268    258224     12527     12717     42580     47460    153184    145956   1587390   1571021    227818    252397     11529     11711     40625     45131
2I 481 28    3804699   1897283   1907416   1634372   1612563    209781    236921     12159     12406     40971     45526    140075    135824   1502023   1485120    204899    231630     11191     11457     39095     43385
2I 481 29    4011382   2004736   2006646   1724213   1693263    224661    252624     12791     13031     43071     47728    144032    139625   1588326   1562083    219408    247143     11803     12125     41167     45670
2I 481 30    3784440   1883810   1900630   1612980   1593371    214110    243568     13168     13928     43552     49763    136635    133632   1484018   1468105    209162    238331     12229     12947     41766     47615
2I 481 31    3663246   1817841   1845405   1565395   1556013    197070    227005     11634     12185     43742     50202    128049    127662   1444269   1436031    192672    222186     10852     11392     41999     48134
2I 481 32    3650753   1809912   1840841   1564447   1560226    192120    221187     11334     11764     42011     47664    121025    121912   1450179   1445783    187850    216471     10565     11000     40293     45675
2I 481 33    3685417   1822885   1862532   1594620   1598054    176720    205361     10988     11721     40557     47396    115999    118206   1484849   1486866    172872    201041     10247     10975     38918     45444
2I 481 34    3780020   1880937   1899083   1660792   1646104    174027    201164      9828     10222     36290     41593    114078    115789   1552783   1537162    170196    196862      9130      9510     34750     39760
2I 481 35    2837689   1401259   1436430   1217272   1222282    142137    167440      9153      9420     32697     37288     98458    101058   1124284   1127414    138715    163481      8504      8789     31298     35688
2I 481 36    2874951   1417208   1457743   1236553   1245023    138787    166519      9294     10022     32574     36179     94993     97199   1146751   1153724    135541    162804      8699      9406     31224     34610
2I 481 37    2952661   1453035   1499626   1271294   1289032    141750    167789      8847      9212     31144     33593     89338     94820   1186905   1200095    138550    163919      8316      8646     29926     32146
2I 481 38    2918242   1437803   1480439   1272692   1286985    128145    153558      8196      8610     28770     31286     84174     89063   1192785   1203118    125486    150145      7706      8109     27652     30004
2I 481 39    2728971   1344828   1384143   1169437   1182451    137824    162188      8300      8455     29267     31049     82577     85979   1091565   1101863    134713    158626      7817      7945     28156     29730
2I 481 40    2567033   1260854   1306179   1097039   1115230    127280    153038      8135      8189     28400     29722     80118     83106   1021459   1037215    124349    149666      7641      7708     27287     28484
2I 481 41    2383040   1170513   1212527   1020478   1038240    117347    140000      7320      7796     25368     26491     76188     79042    948521    963993    114507    136796      6928      7340     24369     25356
2I 481 42    2392984   1175003   1217981   1026927   1045916    116090    139506      7181      7398     24805     25161     72667     76512    958405    974174    113391    136220      6778      6972     23762     24103
2I 481 43    2348448   1148907   1199541   1003091   1029543    114979    137889      6945      7310     23892     24799     71334     75381    935691    958666    112389    134780      6567      6912     22926     23802
2I 481 44    2259341   1105302   1154039    964761    990229    111388    133708      6499      6862     22654     23240     67561     72013    901076    922464    108757    130778      6153      6485     21755     22299
2I 481 45    2223629   1084950   1138679    943978    974238    112839    134896      6267      6673     21866     22872     65700     69907    882006    908565    110296    131880      5936      6326     21012     22001
2I 481 46    2288113   1114788   1173325    985252   1014216    103818    130966      6108      6289     19610     21854     67085     70637    921562    947466    101466    128206      5785      5929     18890     21087
2I 481 47    2166175   1054468   1111707    920151    954564    108890    128687      6040      6370     19387     22086     61589     66070    862033    892483    106477    125829      5716      6013     18653     21312
2I 481 48    2095145   1020024   1075121    902634    933663     95077    115520      5293      5813     17020     20125     57424     61734    848230    875273     92989    113152      5006      5506     16375     19456
2I 481 49    2253439   1094163   1159276    966680   1005489    104146    126344      5521      6137     17816     21306     60919     63747    908851    945162    101944    123881      5249      5833     17200     20653
2I 481 50    2327163   1116771   1210392    987860   1051867    106447    131260      5338      6073     17126     21192     60928     66397    930087    989187    104190    128571      5057      5746     16509     20491
2I 481 51    2277643   1107363   1170280    987852   1023620     98155    121494      5300      5570     16056     19596     59512     63572    931154    963419     96193    119084      5002      5274     15502     18931
2I 481 52    2290126   1101348   1188778    979887   1039214    100682    124361      5164      5576     15615     19627     56440     61208    926208    981545     98718    121780      4886      5278     15096     18967
2I 481 53    2380727   1148696   1232031   1029820   1085594     99135    122348      4915      5314     14826     18775     55609     59304    976879   1029504     97225    120016      4653      5039     14330     18168
2I 481 54    2358387   1120884   1237503    998144   1086318    103122    127325      4899      5276     14719     18584     51990     58102    948876   1031570    101157    124901      4636      4985     14225     17945
2I 481 55    2301542   1087595   1213947    968910   1068241     99496    122911      4787      5027     14402     17768     49562     54857    921868   1016481     97710    120727      4537      4744     13918     17138
2I 481 56    2361604   1116925   1244679   1004011   1107147     94908    116156      4407      5106     13599     16270     48293     53423    958079   1056558     93225    114113      4159      4857     13169     15728
2I 481 57    2366641   1117100   1249541   1000774   1109242     97734    119414      4541      4963     14051     15922     47755     50682    955327   1061519     96073    117240      4307      4719     13638     15381
2I 481 58    2212538   1039009   1173529    930722   1043720     90532    110381      4359      4605     13396     14823     42695     46484    890187    999978     88961    108438      4147      4355     13019     14274
2I 481 59    2345168   1099991   1245177    993959   1116366     89093    109773      4141      4505     12798     14533     42165     46241    953804   1072680     87631    107840      3946      4309     12445     14107
2I 481 60    2246192   1053372   1192820    945398   1060351     91728    113970      3971      4376     12275     14123     38104     43260    909310   1019732     90259    112025      3772      4156     11927     13647
2I 481 61    2109134    983450   1125684    887941   1007603     81085    101517      3595      3911     10829     12653     36058     40761    853718    969200     79744     99787      3429      3732     10501     12204
2I 481 62    1978923    914994   1063929    825662    951858     75764     96374      3369      3729     10199     11968     29671     35258    797612    918711     74588     94811      3221      3569      9902     11580
2I 481 63    2009824    932896   1076928    849597    970796     70880     91502      3003      3417      9416     11213     29675     34793    821465    937994     69777     90036      2858      3266      9121     10839
2I 481 64    1950148    889136   1061012    806217    955041     70601     91243      2955      3432      9363     11296     26523     33048    781243    924024     69516     89768      2797      3272      9057     10900
2I 481 65    1897496    862485   1035011    776218    923335     74352     97246      2893      3363      9022     11067     25910     31932    751795    893374     73266     95751      2760      3226      8754     10728
2I 481 66    1830547    821710   1008837    743518    905736     66930     89822      2566      3372      8696      9907     24946     31740    719941    875918     65949     88413      2480      3229      8394      9537
2I 481 67    1786932    794630    992302    715896    887793     67156     91417      2642      3307      8936      9785     24192     31161    693105    858544     66232     89996      2535      3169      8566      9432
2I 481 68    1704202    750807    953395    679506    859009     60376     82667      2516      2993      8409      8726     22638     29676    658193    831004     59520     81436      2409      2871      8047      8408
2I 481 69    1655423    716380    939043    641071    837918     64284     89627      2541      2943      8484      8555     21475     28501    621078    811244     63344     88270      2418      2812      8065      8216
2I 481 70    1549773    667042    882731    599695    793222     57390     79456      2298      2576      7659      7477     20508     27223    580573    767393     56564     78421      2167      2473      7230      7221
2I 481 71    1472311    625513    846798    566579    767608     49811     69757      1918      2533      7205      6900     18877     24841    548793    744154     49195     68717      1835      2428      6813      6658
2I 481 72    1397609    587251    810358    531402    734392     47196     67381      1823      2321      6830      6264     17514     22924    514962    712717     46590     66459      1745      2219      6440      6039
2I 481 73    1291964    533003    758961    483863    689854     41294     61164      1654      2171      6192      5772     16284     21149    468520    669752     40770     60403      1583      2082      5846      5575
2I 481 74    1239767    502851    736916    453046    667690     42190     61565      1618      2106      5997      5555     15510     20508    438533    648240     41637     60743      1545      2033      5626      5392
2I 481 75    1148734    459963    688771    415244    625355     37869     56319      1461      1942      5389      5155     14587     19053    401496    607220     37375     55636      1399      1870      5106      4992
2I 481 76    1063171    415745    647426    375017    588294     34474     52536      1430      1769      4824      4827     13300     18025    362509    571079     34030     51941      1354      1692      4552      4689
2I 481 77     981460    375258    606202    338367    551301     31261     48841      1303      1630      4327      4430     12277     16232    326807    535822     30831     48272      1244      1564      4099      4312
2I 481 78     900616    338175    562441    305392    512616     27826     44295      1138      1487      3819      4043     11147     14534    294899    498832     27424     43715      1085      1426      3620      3934
2I 481 79     826579    306469    520110    277059    474798     25021     40271       995      1354      3394      3687      9843     13015    267771    462369     24706     39812       946      1308      3203      3606
2I 481 80     739068    266152    472916    240166    432210     22237     36196       861      1225      2888      3285      9498     13575    231235    419294     21888     35675       813      1174      2718      3198
2I 481 81     655806    229289    426517    210752    396218     15452     26419       709       963      2376      2917      7045      9777    204079    386811     15239     26150       679       927      2247      2852
2I 481 82     580754    201465    379289    184881    351990     14143     23957       568       832      1873      2510      5572      7831    179600    344508     13973     23682       542       798      1778      2470
2I 481 83     538535    182296    356239    167254    330693     12948     22512       481       762      1613      2272      4745      7041    162726    323988     12806     22243       466       731      1553      2236
2I 481 84     486880    160233    326647    146516    302340     11925     21354       425       745      1367      2208      4217      6512    142591    296151     11725     21105       405       711      1295      2168
2I 481 85     417314    133649    283665    121596    262832     10284     18442       422       614      1347      1777      3684      5776    118170    257294     10116     18251       405       590      1274      1754
2I 481 86     371663    118654    253009    108042    233991      9389     16928       371       607       852      1483      3390      4994    104896    229238      9212     16739       353       582       803      1456
2I 481 87     320097     99620    220477     90955    203794      7697     14838       300       543       668      1302      2849      4339     88311    199660      7538     14677       286       520       636      1281
2I 481 88     268242     81432    186810     74544    172883      6112     12426       252       449       524      1052      2366      3695     72346    169359      5978     12288       242       428       500      1040
2I 481 89     223347     65966    157381     60221    145463      5075     10664       218       375       452       879      1909      3100     58451    142515      4968     10549       206       358       432       859
2I 481 90     177830     51104    126726     46771    117416      3754      8311       181       295       398       704      1445      2507     45404    115030      3698      8219       175       281       382       689
2I 481 91     141079     39450    101629     36074     94184      2829      6611       157       228       390       606      1107      2025     35015     92254      2797      6537       151       220       380       593
2I 481 92     109964     30177     79787     27450     73769      2264      5348       132       182       331       488       845      1584     26642     72256      2239      5294       128       175       323       478
2I 481 93      84425     22735     61690     20560     56911      1823      4263       103       141       249       375       638      1227     19964     55741      1797      4218       101       136       235       368
2I 481 94      63135     16453     46682     14827     42911      1400      3387        63       105       163       279       464       934     14390     42024      1382      3350        60       101       157       273
2I 481 95      45482     11349     34133     10178     31296      1011      2569        46        69       114       199       322       687      9874     30646      1001      2537        43        67       109       196
2I 481 96      32212      7870     24342      6948     22229       814      1925        30        52        78       136       222       487      6740     21768       805      1903        28        50        75       134
2I 481 97      22402      5417     16985      4673     15370       663      1471        26        43        55       101       149       341      4533     15053       657      1452        25        41        53        98
2I 481 98      15038      3568     11470      3004     10286       515      1083        13        28        36        73       105       225      2911     10077       507      1070        12        27        33        71
2I 481 99       9919      2268      7651      1870      6773       373       813         3        11        22        54        72       161      1805      6621       369       807         2        10        20        52
2I 481100      16271      3550     12721      2715     10785       743      1800        29        44        63        92       122       289      2611     10527       730      1775        28        42        59        88
2I 781999  229966237 111955857 118010380  96225291 100777519  12932199  14322572    735972    750300   2062395   2159989   7802826   7776588  88863963  93460597  12639203  14013553    682203    697231   1967662   2062411
2I 781  0    3607440   1845697   1761743   1517412   1438833    269789    265978     16808     16512     41688     40420    182582    173693   1344817   1274892    263130    259458     15668     15397     39500     38303
2I 781  1    3436005   1757899   1678106   1443760   1369339    259181    255608     16414     15920     38544     37239    181572    174695   1272455   1204599    252422    249026     14972     14534     36478     35252
2I 781  2    3314474   1693434   1621040   1385883   1318521    253883    250055     16298     15552     37370     36912    173820    166878   1222408   1161616    247116    243533     14764     14067     35326     34946
2I 781  3    3260929   1666984   1593945   1369251   1301514    246000    241261     15318     15134     36415     36036    171101    164302   1208141   1146861    239513    234984     13822     13686     34407     34112
2I 781  4    3273871   1676077   1597794   1372900   1301360    251620    246466     15294     14436     36263     35532    172138    165663   1210680   1145220    245107    240118     13844     13084     34308     33709
2I 781  5    3128726   1599336   1529390   1311477   1245946    238208    234775     14530     14123     35121     34546    168046    161862   1152791   1093012    231956    228969     13197     12786     33346     32761
2I 781  6    3185857   1631031   1554826   1341620   1272167    239682    234741     14208     13792     35521     34126    165361    159137   1185412   1121437    233598    229195     12967     12622     33693     32435
2I 781  7    3165379   1620089   1545290   1327275   1259471    241623    236483     14583     14198     36608     35138    160564    155423   1175759   1112637    235758    230855     13327     13004     34681     33371
2I 781  8    3140834   1606578   1534256   1312554   1245687    243187    239872     14732     14366     36105     34331    156507    149511   1164920   1104791    237483    234273     13465     13147     34203     32534
2I 781  9    3439325   1757431   1681894   1439378   1368542    263840    260432     15872     15566     38341     37354    162460    156678   1286157   1220783    258018    254761     14502     14245     36294     35427
2I 781 10    3807110   1950989   1856121   1606870   1521200    288976    282307     16634     16132     38509     36482    169320    162870   1447279   1367579    282653    276270     15297     14860     36440     34542
2I 781 11    3690985   1887204   1803781   1568560   1493374    265983    259716     16190     15969     36471     34722    162737    157968   1415135   1344334    259918    253933     14877     14683     34537     32863
2I 781 12    3598921   1837136   1761785   1522311   1450612    262366    260964     16099     15715     36360     34494    153506    149547   1377505   1309712    256634    255279     14889     14499     34602     32748
2I 781 13    3553599   1813799   1739800   1499017   1429976    263948    261664     16063     15396     34771     32764    149691    146125   1358011   1292545    258156    255815     14887     14232     33054     31083
2I 781 14    3649792   1862532   1787260   1541005   1470192    271520    269622     16047     15919     33960     31527    150921    147941   1399092   1331279    265465    263476     14841     14747     32213     29817
2I 781 15    3783568   1931498   1852070   1591053   1519308    288749    284454     16847     16174     34849     32134    156422    151867   1444003   1376718    282428    278097     15604     14980     33041     30408
2I 781 16    4000951   2039883   1961068   1687128   1616285    299905    295421     17711     17121     35139     32241    163209    157734   1533654   1468164    293129    288797     16492     15889     33399     30484
2I 781 17    4175026   2140246   2034780   1779851   1685563    305357    298916     18112     17370     36926     32931    169782    160182   1620232   1535091    298322    292188     16817     16145     35093     31174
2I 781 18    4185612   2127657   2057955   1775974   1710034    296514    297302     18013     17015     37156     33604    173549    162647   1612456   1557200    289644    290624     16716     15743     35292     31741
2I 781 19    4450193   2254149   2196044   1888356   1831579    307368    310942     18083     17315     40342     36208    184816    168667   1714507   1673250    299862    303872     16674     16011     38290     34244
2I 781 20    4512140   2287130   2225010   1928710   1862262    300431    308680     17424     16964     40565     37104    187211    169239   1752382   1703524    292976    301563     16031     15611     38530     35073
2I 781 21    4350246   2202040   2148206   1861934   1800036    284094    294700     16792     16039     39220     37431    186173    166367   1686616   1643805    276793    287787     15410     14852     37048     35395
2I 781 22    4317075   2178037   2139038   1847670   1793961    275158    291256     15753     15417     39456     38404    179853    161152   1678191   1642705    268060    284473     14490     14298     37443     36410
2I 781 23    4323805   2175475   2148330   1856802   1809650    265318    284043     14551     14252     38804     40385    180322    163410   1686581   1656333    258572    277257     13263     13067     36737     38263
2I 781 24    4366201   2197409   2168792   1875255   1821765    266466    289516     14517     14302     41171     43209    178649    163272   1706846   1668603    259533    282738     13257     13109     39124     41070
2I 781 25    4228286   2121011   2107275   1810100   1768847    255598    278601     14765     15374     40548     44453    173433    160539   1646669   1618201    248877    272081     13493     14142     38539     42312
2I 781 26    4138839   2074715   2064124   1776934   1735036    243595    269313     12552     12820     41634     46955    166498    154569   1619907   1589744    237252    263274     11478     11808     39580     44729
2I 781 27    4086104   2040903   2045201   1748467   1721187    236204    262587     12369     12520     43863     48907    156631    148428   1600573   1582069    230507    256642     11355     11517     41837     46545
2I 781 28    3819683   1905581   1914102   1638621   1616929    212741    238434     12226     12468     41993     46271    143345    138535   1503242   1487071    207708    232980     11233     11483     40053     44033
2I 781 29    4002003   2001056   2000947   1721693   1688176    222835    251213     12761     12971     43767     48587    145546    141113   1584447   1555708    217512    245628     11750     12041     41801     46457
2I 781 30    3874300   1927606   1946694   1650863   1632727    218395    248858     13281     13968     45067     51141    138991    135672   1519804   1505576    213292    243499     12298     12969     43221     48978
2I 781 31    3653375   1813952   1839423   1560033   1548819    197748    227521     12028     12645     44143     50438    130944    130019   1436275   1426716    193174    222572     11201     11799     42358     48317
2I 781 32    3673856   1821281   1852575   1572417   1568236    194098    223519     11426     11882     43340     48938    122946    123655   1456381   1452217    189730    218715     10644     11103     41580     46885
2I 781 33    3608346   1785838   1822508   1554644   1555913    178754    206749     11089     11825     41351     48021    117399    119485   1443675   1443615    174768    202306     10330     11067     39666     46035
2I 781 34    3988445   1983155   2005290   1752812   1740214    181670    210130     10097     10603     38576     44343    116682    118387   1642368   1628861    177733    205728      9379      9867     36993     42447
2I 781 35    2870532   1418941   1451591   1235269   1237652    142023    167222      9341      9611     32308     37106    101745    104441   1139197   1139627    138483    163144      8658      8947     30858     35432
2I 781 36    2872223   1415467   1456756   1233744   1242256    139077    167250      9306      9970     33340     37280     95953     98100   1143118   1150143    135758    163469      8686      9345     31952     35699
2I 781 37    2908235   1430572   1477663   1249105   1267123    140870    166911      9001      9468     31596     34161     90951     95803   1163263   1177309    137584    163017      8447      8876     30327     32658
2I 781 38    2984468   1470075   1514393   1301823   1317208    130093    155972      8353      8770     29806     32443     85513     90717   1220728   1231872    127336    152443      7844      8246     28654     31115
2I 781 39    2772659   1367476   1405183   1190592   1201910    138564    162772      8370      8598     29950     31903     83829     87630   1111504   1119780    135464    159142      7872      8075     28807     30556
2I 781 40    2604475   1278960   1325515   1112196   1131274    129513    155310      8255      8306     28996     30625     80758     83891   1036081   1052609    126512    151866      7745      7811     27864     29338
2I 781 41    2402226   1179953   1222273   1028832   1046469    117627    140690      7501      7930     25993     27184     77428     80069    955763    971288    114720    137437      7081      7460     24961     26019
2I 781 42    2386227   1171821   1214406   1022816   1041391    116614    139744      7249      7522     25142     25749     73582     77302    953487    968963    113827    136412      6840      7078     24085     24651
2I 781 43    2368321   1158578   1209743   1011353   1038243    115626    138726      7069      7411     24530     25363     72055     76150    943349    966752    112975    135507      6673      7000     23526     24334
2I 781 44    2285017   1118451   1166566    975191    999937    113342    135811      6606      6968     23312     23850     68628     72865    910538    931418    110660    132824      6250      6580     22375     22879
2I 781 45    2217970   1082570   1135400    941812    971450    112145    134099      6319      6737     22294     23114     65962     70362    879683    905410    109541    131042      5978      6382     21406     22204
2I 781 46    2249607   1096427   1153180    966807    995125    103543    129812      6170      6385     19907     21858     67516     71122    902813    927998    101109    126967      5840      6024     19149     21069
2I 781 47    2202992   1072664   1130328    937523    971625    109087    129909      6123      6378     19931     22416     63062     67277    877989    908376    106635    127040      5793      6012     19185     21623
2I 781 48    2081145   1013978   1067167    896105    926140     95082    114811      5408      5905     17383     20311     57757     62289    841472    867336     92930    112347      5108      5582     16711     19613
2I 781 49    2238215   1087294   1150921    959216    996858    104335    126164      5538      6137     18205     21762     60436     63436    901926    936874    102102    123703      5259      5827     17571     21081
2I 781 50    2307915   1108080   1199835    978974   1041143    106301    131135      5361      6129     17444     21428     60917     65915    921265    978935    104005    128451      5078      5801     16815     20733
2I 781 51    2271879   1102333   1169546    982387   1022296     98225    121649      5329      5676     16392     19925     60053     64428    925267    961341     96174    119173      5027      5367     15812     19237
2I 781 52    2285010   1101313   1183697    979723   1034200    100466    124029      5208      5599     15916     19869     57025     61841    925480    975926     98505    121445      4922      5294     15381     19191
2I 781 53    2361706   1139262   1222444   1020149   1075696     99061    122246      4971      5379     15081     19123     56134     59871    966725   1019139     97127    119841      4700      5097     14576     18496
2I 781 54    2369302   1128478   1240824   1005422   1089317    103165    127203      4924      5334     14967     18970     52860     58647    955335   1034050    101163    124760      4655      5041     14465     18326
2I 781 55    2298634   1086266   1212368    967101   1065995     99749    123112      4819      5064     14597     18197     49820     55421    919860   1013772     97925    120859      4565      4774     14096     17542
2I 781 56    2340506   1106711   1233795    993570   1095674     94913    116359      4465      5089     13763     16673     48539     53981    947449   1044591     93198    114296      4210      4831     13315     16096
2I 781 57    2373849   1120323   1253526   1003783   1112645     97788    119553      4520      5027     14232     16301     48136     51545    957994   1064083     96114    117368      4278      4782     13801     15748
2I 781 58    2223853   1044439   1179414    935924   1049118     90509    110459      4397      4674     13609     15163     43440     47111    894692   1004833     88918    108465      4176      4415     13213     14590
2I 781 59    2317764   1085923   1231841    979160   1102027     89428    110272      4227      4560     13108     14982     42552     46637    938687   1058023     87922    108306      4023      4349     12739     14526
2I 781 60    2268026   1062935   1205091    954322   1071753     91984    114441      4014      4426     12615     14471     38873     43923    917474   1030486     90519    112478      3811      4207     12258     13997
2I 781 61    2129650    994126   1135524    897940   1016448     81325    101998      3667      3998     11194     13080     36733     41508    863097    977390     79959    100217      3493      3806     10844     12603
2I 781 62    1989414    920673   1068741    830555    955579     76182     97073      3435      3778     10501     12311     30642     36156    801579    921600     74970     95474      3283      3613     10199     11898
2I 781 63    2001880    928484   1073396    844571    966411     71178     91980      3053      3470      9682     11535     29727     34961    816394    933463     70071     90501      2910      3317      9382     11154
2I 781 64    1970439    900387   1070052    817004    963397     70870     91616      2962      3454      9551     11585     27179     33579    791407    931896     69760     90112      2804      3290      9237     11175
2I 781 65    1905065    864906   1040159    778473    928246     74277     97176      2917      3367      9239     11370     25902     32061    754104    898197     73173     95670      2774      3220      8953     11011
2I 781 66    1829337    822067   1007270    743514    903739     67167     89975      2613      3368      8773     10188     25060     31733    719840    873951     66166     88545      2518      3225      8483      9816
2I 781 67    1791763    796780    994983    717954    890152     67084     91419      2622      3340      9120     10072     24276     31359    695095    860746     66144     89984      2520      3197      8745      9697
2I 781 68    1708596    752597    955999    681124    861171     60392     82853      2533      3052      8548      8923     22800     29975    659658    832901     59532     81594      2425      2926      8182      8603
2I 781 69    1663222    719835    943387    644237    841615     64414     89960      2540      2975      8644      8837     21590     28749    624106    814716     63483     88591      2423      2841      8233      8490
2I 781 70    1558336    670764    887572    603041    797232     57631     80008      2339      2634      7753      7698     20574     27470    583883    771231     56777     78926      2205      2523      7325      7422
2I 781 71    1481231    629391    851840    570022    771686     50088     70435      1975      2551      7306      7168     19172     25387    551998    747694     49430     69400      1884      2446      6907      6913
2I 781 72    1404413    590133    814280    534063    737607     47347     67904      1816      2367      6907      6402     17602     23193    517529    715695     46750     66951      1739      2263      6513      6178
2I 781 73    1300022    536570    763452    487061    693629     41512     61690      1675      2200      6322      5933     16408     21412    471613    673305     40979     60903      1604      2108      5966      5724
2I 781 74    1247885    506181    741704    456190    672009     42261     61880      1625      2131      6105      5684     15592     20637    441600    652431     41708     61066      1552      2056      5729      5514
2I 781 75    1157454    463599    693855    418502    629880     38133     56724      1473      1988      5491      5263     14671     19234    404693    611601     37629     56005      1410      1914      5196      5101
2I 781 76    1070941    419043    651898    378030    592326     34659     52846      1431      1800      4923      4926     13394     18201    365427    574963     34207     52238      1360      1727      4655      4769
2I 781 77     989587    378617    610970    341326    555541     31543     49241      1329      1665      4419      4523     12390     16575    329682    539723     31104     48677      1265      1592      4176      4403
2I 781 78     907298    340792    566506    307753    516261     27989     44600      1155      1507      3895      4138     11304     14811    297119    502217     27579     44017      1102      1443      3688      4018
2I 781 79     832891    308751    524140    278991    478248     25315     40786      1012      1374      3433      3732      9877     13001    269680    465849     24984     40317       962      1328      3248      3645
2I 781 80     744184    268088    476096    241881    434945     22394     36580       870      1246      2943      3325      9519     13523    232928    422078     22050     36060       824      1195      2767      3240
2I 781 81     660778    231064    429714    212355    399008     15577     26782       718       997      2414      2927      7448     10544    205297    388887     15350     26474       686       959      2283      2850
2I 781 82     585872    203255    382617    186531    354980     14241     24254       582       839      1901      2544      5731      8027    181102    347288     14063     23992       556       806      1803      2504
2I 781 83     542091    183544    358547    168339    332703     13074     22770       483       772      1648      2302      4810      7093    163755    325945     12928     22501       467       741      1584      2267
2I 781 84     490656    161550    329106    147630    304487     12065     21631       441       751      1414      2237      4228      6525    143684    298292     11871     21376       420       717      1347      2196
2I 781 85     420790    134699    286091    122503    264951     10393     18720       415       623      1388      1797      3700      5843    119079    259361     10208     18518       399       599      1313      1770
2I 781 86     371580    117771    253809    107187    234917      9265     16798       387       600       932      1494      3376      5052    104069    230098      9083     16615       369       574       874      1470
2I 781 87     322701    100443    222258     91565    205450      7896     14963       310       549       672      1296      2889      4372     88901    201288      7725     14798       291       525       637      1275
2I 781 88     270930     82144    188786     75125    174652      6244     12618       255       459       520      1057      2416      3746     72894    171084      6095     12474       244       436       495      1046
2I 781 89     226963     66906    160057     61015    147811      5221     10975       222       391       448       880      1954      3142     59213    144820      5103     10861       207       372       429       862
2I 781 90     181214     52083    129131     47639    119584      3873      8533       183       303       388       711      1476      2543     46251    117161      3809      8441       175       289       372       697
2I 781 91     143764     40164    103600     36754     95999      2877      6737       148       233       385       631      1118      2055     35679     94039      2849      6662       143       225       375       619
2I 781 92     112300     30715     81585     27975     75437      2277      5471       133       185       330       492       863      1620     27154     73889      2249      5415       128       178       321       483
2I 781 93      86659     23324     63335     21119     58421      1851      4371       102       147       252       396       653      1264     20504     57217      1829      4325        99       140       239       389
2I 781 94      65276     17075     48201     15387     44322      1446      3479        64       107       178       293       472       963     14941     43408      1428      3441        62       103       172       286
2I 781 95      46962     11711     35251     10498     32338      1030      2635        53        69       130       209       328       699     10189     31674      1020      2606        50        66       124       206
2I 781 96      33416      8120     25296      7207     23109       806      1982        27        57        80       148       230       509      6991     22632       797      1954        25        56        77       145
2I 781 97      23379      5648     17731      4886     16070       672      1512        28        44        62       105       155       350      4741     15744       666      1493        27        41        59       103
2I 781 98      15748      3716     12032      3146     10817       520      1116        15        27        35        72       104       238      3052     10598       513      1101        14        26        33        69
2I 781 99      10402      2329      8073      1912      7171       392       838         1        11        24        53        78       166      1843      7014       387       831         0        10        21        52
2I 781100      17091      3684     13407      2797     11384       784      1883        32        43        71        97       134       306      2682     11109       770      1859        31        41        67        92
2I1081999  230641411 112287729 118353682  96442411 100998761  12985653  14382543    742606    757172   2117059   2215206   7899682   7865013  88994856  93603688  12686141  14067402    687439    702825   2019611   2114754
2I1081  0    3616680   1850133   1766547   1520127   1441872    270289    266559     16825     16579     42892     41537    185299    176422   1345148   1275525    263411    259825     15641     15419     40634     39356
2I1081  1    3458083   1770328   1687755   1453708   1377006    260013    256298     16931     16535     39676     37916    185028    177510   1279067   1209594    253134    249574     15562     15220     37537     35857
2I1081  2    3360253   1715736   1644517   1402936   1336938    257460    253139     16544     15709     38796     38731    177531    171001   1236068   1176214    250488    246437     14959     14171     36690     36694
2I1081  3    3266635   1670397   1596238   1369097   1299862    248245    243710     15491     15143     37564     37523    169463    162293   1209689   1147293    241721    237396     13984     13681     35540     35575
2I1081  4    3313792   1696200   1617592   1388993   1316895    254394    249802     15343     14669     37470     36226    173817    167315   1225358   1159350    247750    243333     13836     13262     35439     34332
2I1081  5    3137762   1603683   1534079   1314089   1249672    239233    234978     14753     14164     35608     35265    170208    163961   1153535   1094945    232810    228921     13366     12803     33764     33449
2I1081  6    3170544   1623812   1546732   1334385   1263825    239395    234573     14230     13863     35802     34471    167036    160769   1176666   1111674    233191    228947     12945     12616     33974     32726
2I1081  7    3188687   1632857   1555830   1337588   1268366    242817    237663     14585     14139     37867     35662    163418    157947   1183447   1119105    236779    231955     13309     12947     35904     33876
2I1081  8    3121787   1596175   1525612   1304286   1238457    240805    237580     14652     14328     36432     35247    156304    149991   1156957   1097174    235051    231941     13365     13085     34498     33421
2I1081  9    3362752   1718129   1644623   1404537   1335860    258956    255657     15907     15592     38729     37514    163581    157135   1250382   1187856    253016    249845     14507     14241     36643     35546
2I1081 10    3748805   1919075   1829730   1575993   1494976    286549    280625     16533     16032     40000     38097    168273    161938   1417421   1342281    280308    274652     15182     14743     37891     36116
2I1081 11    3724051   1906965   1817086   1581601   1501313    271685    264208     16451     16200     37228     35365    166307    161013   1424938   1349487    265409    258249     15110     14897     35201     33440
2I1081 12    3627382   1851430   1775952   1531323   1460559    265876    263574     16255     15904     37976     35915    155967    152086   1384275   1317300    260059    257833     14988     14638     36141     34095
2I1081 13    3557020   1815202   1741818   1503902   1434192    259475    258431     16184     15566     35641     33629    151076    147344   1361607   1295632    253638    252565     14993     14377     33888     31900
2I1081 14    3632613   1855337   1777276   1532864   1460101    271020    268561     16095     15786     35358     32828    151298    148162   1390629   1321062    264959    262368     14875     14600     33576     31084
2I1081 15    3732175   1904488   1827687   1567505   1498684    284598    280109     16683     16239     35702     32655    156249    152204   1420743   1355878    278219    273699     15424     15022     33853     30884
2I1081 16    3938796   2009236   1929560   1658817   1587602    296797    292203     17551     16804     36071     32951    162982    157026   1505659   1440228    290025    285566     16303     15572     34267     31168
2I1081 17    4155244   2129280   2025964   1768115   1675746    305115    298969     18205     17508     37845     33741    170566    161425   1607863   1524239    297950    292112     16906     16255     35995     31933
2I1081 18    4172700   2122666   2050034   1769024   1701068    297094    297342     18091     17120     38457     34504    173955    162819   1605364   1548245    290068    290517     16758     15845     36521     32608
2I1081 19    4427346   2242394   2184952   1875689   1820291    306794    310043     18484     17503     41427     37115    186954    171390   1699870   1659478    299194    302862     17051     16156     39325     35066
2I1081 20    4500831   2282531   2218300   1921555   1854159    301539    309142     17542     17015     41895     37984    189310    170112   1743512   1694759    293843    301861     16103     15660     39763     35908
2I1081 21    4374393   2213527   2160866   1871579   1810843    284607    295495     16935     16260     40406     38268    189398    169146   1693292   1652181    277116    288387     15523     14991     38198     36161
2I1081 22    4343798   2194039   2149759   1859700   1801904    277683    292802     16060     15584     40596     39469    184204    163891   1686321   1648189    270354    285848     14720     14444     38440     37387
2I1081 23    4296196   2162172   2134024   1843938   1794542    264075    283939     14741     14581     39418     40962    182660    164361   1671679   1640484    257061    276995     13454     13391     37318     38793
2I1081 24    4380270   2204340   2175930   1879021   1826921    268554    290505     14502     14189     42263     44315    182970    166058   1706604   1671306    261486    283525     13180     12963     40100     42078
2I1081 25    4278941   2147433   2131508   1831214   1787327    259348    283063     14746     15220     42125     45898    176823    162890   1664731   1634612    252377    276341     13453     13973     40049     43692
2I1081 26    4145944   2079377   2066567   1779781   1735790    244699    269946     13145     13663     41752     47168    169945    157376   1619629   1588050    238137    263661     11998     12561     39668     44919
2I1081 27    4113152   2055174   2057978   1758504   1729891    239469    265698     12239     12318     44962     50071    160864    151440   1606821   1587920    233443    259631     11198     11327     42848     47660
2I1081 28    3842075   1916969   1925106   1645616   1623516    216164    241745     12186     12427     43003     47418    145642    140336   1508104   1492101    211001    236148     11186     11415     41036     45106
2I1081 29    4052602   2025529   2027073   1741602   1709230    225475    254269     12910     13119     45542     50455    148895    144308   1601259   1573902    220027    248517     11853     12144     43495     48202
2I1081 30    3911375   1948096   1963279   1669072   1646806    219650    250715     13204     13779     46170     51979    140197    136835   1537023   1518598    214439    245264     12189     12782     44248     49800
2I1081 31    3655146   1815161   1839985   1558278   1547516    199503    228559     12496     13190     44884     50720    133555    132041   1432182   1423656    194750    223470     11605     12272     43069     48546
2I1081 32    3689132   1829835   1859297   1577094   1570642    196373    226292     11530     12011     44838     50352    125556    126126   1458602   1452306    191899    221394     10743     11218     43035     48253
2I1081 33    3605244   1782197   1823047   1545558   1549198    182711    212219     11173     11922     42755     49708    118380    120250   1433814   1436330    178594    207653     10389     11144     41020     47670
2I1081 34    4012675   1994677   2017998   1757859   1746054    186336    214809     10285     10868     40197     46267    118946    120606   1645305   1632630    182277    210295      9556     10122     38593     44345
2I1081 35    3077043   1524527   1552516   1334053   1330969    147494    173143      9675     10049     33305     38355    105753    108562   1234211   1229114    143828    168943      8952      9334     31783     36563
2I1081 36    2849600   1403472   1446128   1221993   1232109    138309    166112      9245      9766     33925     38141     96482     98878   1130946   1139314    134926    162248      8602      9136     32516     36552
2I1081 37    2884234   1418775   1465459   1236768   1253836    140495    166847      9192      9765     32320     35011     93003     96983   1149051   1162940    137120    162927      8608      9150     30993     33459
2I1081 38    3005709   1479000   1526709   1307943   1326072    131752    158126      8473      8897     30832     33614     86356     91815   1226142   1239806    128897    154512      7950      8351     29655     32225
2I1081 39    2847433   1406273   1441160   1227652   1236307    139399    163292      8512      8776     30710     32785     85932     90153   1146535   1151796    136291    159555      7991      8244     29524     31412
2I1081 40    2647539   1299950   1347589   1129686   1149602    132168    157950      8335      8471     29761     31566     81108     84431   1053321   1070533    129086    154439      7821      7952     28614     30234
2I1081 41    2423869   1190594   1233275   1038265   1055646    117952    141537      7667      7967     26710     28125     78246     80788    964473    979796    115021    138260      7212      7491     25642     26940
2I1081 42    2378666   1168216   1210450   1018161   1036362    117184    140061      7333      7707     25538     26320     75001     78481    947531    962880    114281    136671      6923      7242     24480     25176
2I1081 43    2391100   1169774   1221326   1020943   1048107    116395    139691      7177      7498     25259     26030     72526     76816    952592    976104    113680    136365      6765      7071     24211     24970
2I1081 44    2313020   1132830   1180190    986510   1010370    115563    138177      6726      7103     24031     24540     70129     73999    920453    940861    112825    135085      6355      6702     23068     23543
2I1081 45    2212266   1080274   1131992    939630    968642    111475    133243      6413      6772     22756     23335     66147     70726    877414    902281    108810    130189      6062      6402     21841     22394
2I1081 46    2275724   1109226   1166498    975849   1004362    106205    132917      6170      6499     21002     22720     67626     71422    911857    937081    103710    129954      5834      6141     20199     21900
2I1081 47    2239576   1090630   1148946    954597    988542    109299    131159      6269      6422     20465     22823     64991     68960    893243    923651    106766    128281      5928      6043     19702     22011
2I1081 48    2067571   1008138   1059433    889717    918747     95107    114142      5464      5928     17850     20616     57932     62309    834953    860023     92932    111608      5158      5594     17163     19899
2I1081 49    2223066   1080450   1142616    951643    988227    104560    125985      5642      6247     18605     22157     60468     64127    894465    927685    102238    123452      5344      5917     17935     21435
2I1081 50    2288839   1099447   1189392    970033   1030497    106182    130989      5361      6115     17871     21791     60523     64935    912720    969197    103884    128355      5079      5792     17241     21113
2I1081 51    2266279   1097362   1168917    976946   1021028     98339    121829      5333      5779     16744     20281     60423     65022    919569    959576     96196    119286      5034      5458     16140     19575
2I1081 52    2280012   1101310   1178702    979512   1029178    100301    123691      5274      5640     16223     20193     57856     62598    924505    970167     98307    121111      4973      5330     15669     19496
2I1081 53    2342817   1129857   1212960   1010477   1065903     98980    122132      5000      5430     15400     19495     56472     60447    956729   1008885     97041    119645      4726      5139     14889     18844
2I1081 54    2380172   1135935   1244237   1012506   1092326    103201    127090      4980      5402     15248     19419     53960     59298    961357   1036444    101181    124627      4705      5106     14732     18762
2I1081 55    2296020   1085186   1210834    965471   1063782    100014    123299      4835      5135     14866     18618     49964     56037    918151   1011043     98142    120970      4576      4841     14353     17943
2I1081 56    2320010   1096850   1223160    983370   1084294     94965    116594      4508      5025     14007     17247     48926     54315    936906   1032950     93230    114506      4255      4755     13533     16634
2I1081 57    2380951   1123560   1257391   1006807   1115982     97838    119652      4529      5112     14386     16645     48442     52690    960784   1066297     96127    117465      4274      4860     13933     16079
2I1081 58    2235048   1049798   1185250    941049   1054443     90480    110543      4406      4724     13863     15540     44177     47616    899092   1009714     88898    108495      4179      4464     13452     14961
2I1081 59    2290897   1072266   1218631    964749   1087757     89785    110752      4311      4633     13421     15489     42882     47060    924027   1043443     88219    108757      4101      4401     13037     14970
2I1081 60    2289617   1072400   1217217    963098   1082980     92230    114892      4083      4480     12989     14865     39852     44595    925307   1041058     90748    112895      3877      4265     12616     14404
2I1081 61    2150243   1004867   1145376    907967   1025277     81596    102498      3708      4061     11596     13540     37002     42026    872883    985755     80233    100698      3521      3856     11228     13041
2I1081 62    2000156    926530   1073626    835549    959268     76595     97743      3532      3852     10854     12763     32072     37377    805221    924171     75329     96083      3372      3678     10536     12317
2I1081 63    1994595    924575   1070020    840036    962203     71469     92459      3098      3516      9972     11842     29593     34995    811995    929240     70365     90965      2957      3363      9665     11457
2I1081 64    1990410    911444   1078966    827573    971581     71132     91984      2993      3490      9746     11911     28133     34355    801049    939343     70000     90458      2831      3322      9431     11488
2I1081 65    1913399    867886   1045513    781244    933288     74202     97135      2928      3387      9512     11703     25850     32256    756981    903113     73076     95589      2777      3233      9202     11322
2I1081 66    1828761    822723   1006038    743773    901929     67401     90167      2656      3324      8893     10618     25099     31627    720066    872248     66397     88742      2551      3180      8610     10241
2I1081 67    1796852    799191    997661    720268    892538     67030     91429      2624      3401      9269     10293     24406     31623    697302    862912     66050     89965      2527      3256      8906      9905
2I1081 68    1713537    754732    958805    683022    863405     60401     83050      2535      3079      8774      9271     22963     30196    661400    834951     59550     81776      2425      2951      8394      8931
2I1081 69    1671204    723445    947759    647575    845341     64519     90252      2565      3036      8786      9130     21785     29155    627260    818058     63570     88865      2446      2904      8384      8777
2I1081 70    1567576    674790    892786    606639    801503     57901     80624      2339      2662      7911      7997     20566     27449    587488    775603     57045     79488      2208      2546      7483      7700
2I1081 71    1490534    633504    857030    573704    775983     50345     71087      2063      2579      7392      7381     19531     26137    555400    751235     49636     70068      1955      2476      6982      7114
2I1081 72    1411899    593307    818592    536950    741112     47494     68429      1812      2408      7051      6643     17748     23514    520268    718934     46904     67431      1738      2301      6649      6412
2I1081 73    1308572    540328    768244    490493    697671     41719     62225      1686      2237      6430      6111     16466     21703    474999    677099     41183     61412      1613      2140      6067      5890
2I1081 74    1256536    509754    746782    459540    676561     42355     62218      1644      2173      6215      5830     15756     20845    444788    656788     41794     61413      1570      2092      5846      5644
2I1081 75    1166588    467391    699197    421907    634669     38378     57143      1484      2012      5622      5373     14708     19424    408095    616218     37865     56401      1418      1940      5305      5214
2I1081 76    1079310    422567    656743    381239    596693     34866     53178      1430      1850      5032      5022     13549     18390    368490    579179     34392     52550      1364      1777      4772      4847
2I1081 77     998100    382095    616005    344446    559997     31791     49661      1351      1698      4507      4649     12512     16970    332701    543804     31357     49090      1282      1619      4243      4522
2I1081 78     914575    343643    570932    310316    520258     28172     44910      1175      1532      3980      4232     11439     15103    299560    505915     27750     44339      1122      1467      3772      4108
2I1081 79     839551    311111    528440    281004    481912     25582     41325      1023      1395      3502      3808     10092     13293    271497    469281     25229     40813       972      1342      3321      3711
2I1081 80     749771    270139    479632    243693    438004     22562     36969       881      1259      3003      3400      9293     13045    234960    425575     22230     36486       834      1213      2822      3313
2I1081 81     666206    233012    433194    214093    402049     15726     27157       721      1038      2472      2950      7980     11528    206535    391003     15475     26802       689       996      2333      2865
2I1081 82     591320    205103    386217    188226    358213     14336     24579       597       843      1944      2582      5908      8232    182633    350314     14147     24320       571       811      1844      2540
2I1081 83     546190    184922    361268    169553    335107     13185     23042       493       779      1691      2340      4932      7235    164866    328208     13030     22775       476       746      1618      2304
2I1081 84     494570    162832    331738    148737    306805     12196     21913       448       764      1451      2256      4249      6551    144751    300593     12013     21647       426       730      1393      2217
2I1081 85     424565    135800    288765    123456    267309     10497     18981       426       635      1421      1840      3723      5875    120033    261703     10291     18769       410       609      1343      1809
2I1081 86     372299    117283    255016    106708    236187      9169     16714       387       591      1019      1524      3362      5144    103609    231270      8986     16538       366       564       960      1500
2I1081 87     325110    101016    224094     91984    207177      8033     15073       324       556       675      1288      2926      4399     89297    202989      7851     14907       306       533       636      1266
2I1081 88     273590     82802    190788     75664    176457      6362     12789       258       469       518      1073      2460      3797     73407    172847      6201     12640       242       445       492      1059
2I1081 89     230491     67768    162723     61740    150151      5363     11283       229       403       436       886      1991      3202     59911    147105      5236     11166       212       381       418       869
2I1081 90     184214     52871    131343     48327    121590      3975      8735       184       314       385       704      1515      2584     46911    119128      3902      8644       174       297       369       690
2I1081 91     146242     40759    105483     37335     97740      2913      6854       146       240       365       649      1131      2087     36247     95752      2885      6777       141       231       355       636
2I1081 92     114520     31209     83311     28455     77028      2297      5578       132       192       325       513       880      1660     27616     75440      2272      5521       126       186       315       504
2I1081 93      88684     23815     64869     21583     59836      1871      4475       104       148       257       410       669      1299     20953     58602      1846      4427       101       140       246       401
2I1081 94      67177     17588     49589     15850     45600      1481      3570        70       111       187       308       484       990     15392     44662      1462      3531        68       107       182       299
2I1081 95      48363     12047     36316     10799     33306      1050      2704        59        79       139       227       344       722     10478     32623      1040      2671        55        76       130       224
2I1081 96      34472      8339     26133      7424     23887       801      2027        25        61        89       158       235       517      7201     23399       793      2002        24        60        86       155
2I1081 97      24212      5818     18394      5051     16696       670      1548        32        39        65       111       157       369      4904     16354       665      1527        30        35        62       109
2I1081 98      16358      3840     12518      3266     11276       522      1142        14        31        38        69       103       246      3172     11050       516      1127        13        30        36        65
2I1081 99      10847      2377      8470      1951      7535       397       865         1        14        28        56        84       178      1878      7367       391       856         0        13        24        56
2I1081100      17853      3826     14027      2893     11925       831      1961        29        43        73        98       152       325      2761     11634       816      1935        28        41        69        92
2I 182999  231157250 112541789 118615461  96606393 101161912  13028898  14432614    749188    763968   2157310   2256967   7985338   7941240  89083552  93700492  12723050  14111587    692605    708327   2057244   2153815
2I 182  0    3612294   1848361   1763933   1516935   1437986    271044    267525     16838     16582     43544     41840    186827    177816   1340739   1270546    263964    260584     15610     15381     41221     39606
2I 182  1    3470657   1777151   1693506   1459722   1382038    259827    255859     17159     16957     40443     38652    183689    175762   1286265   1216239    253053    249226     15885     15733     38259     36546
2I 182  2    3395839   1734893   1660946   1418355   1350082    259731    254993     16796     15882     40011     39989    181222    175193   1248111   1185483    252549    248095     15161     14286     37850     37889
2I 182  3    3283337   1677278   1606059   1371489   1305357    251092    246482     15840     15335     38857     38885    169782    162255   1211946   1153008    244452    240057     14304     13843     36794     36896
2I 182  4    3323596   1700509   1623087   1393213   1321316    254277    250382     15402     14896     37617     36493    175137    168610   1228490   1162706    247512    243805     13845     13436     35525     34530
2I 182  5    3169731   1621279   1548452   1328244   1260848    241782    237775     14953     14200     36300     35629    172155    165876   1166035   1104524    235197    231456     13516     12822     34376     33774
2I 182  6    3150039   1612839   1537200   1322643   1253429    240114    234721     14249     13932     35833     35118    168546    162192   1163575   1100090    233796    228995     12919     12606     34003     33317
2I 182  7    3214792   1646376   1568416   1350543   1280489    242768    237792     14633     14111     38432     36024    166445    160579   1193633   1128718    236543    231993     13330     12907     36425     34219
2I 182  8    3084204   1577865   1506339   1289211   1222888    237360    233796     14566     14279     36728     35376    156059    150361   1142226   1081301    231556    228137     13259     13014     34765     33526
2I 182  9    3313147   1693273   1619874   1381783   1312312    256641    253759     15973     15664     38876     38139    164760    157796   1226668   1163888    250557    247787     14536     14280     36752     36123
2I 182 10    3659039   1873332   1785707   1535301   1456725    281084    274652     16431     15915     40516     38415    166989    160762   1377988   1305202    274920    268731     15065     14608     38370     36404
2I 182 11    3770011   1929705   1840306   1596571   1516968    278234    270735     16644     16354     38256     36249    168742    163073   1437738   1363301    271784    264633     15281     15039     36160     34260
2I 182 12    3634431   1856049   1778382   1533068   1460244    267637    265255     16428     16101     38916     36782    158406    154346   1383818   1314913    261727    259450     15104     14786     36994     34887
2I 182 13    3585413   1831478   1753935   1518362   1446946    259984    256877     16341     15780     36791     34332    152570    148799   1374708   1307036    254084    250987     15121     14562     34995     32551
2I 182 14    3601428   1838983   1762445   1517876   1445633    268972    267459     16175     15663     35960     33690    151767    148194   1375227   1306639    262905    261232     14938     14461     34146     31919
2I 182 15    3713168   1893721   1819447   1560068   1492788    281031    277358     16548     16330     36074     32971    155961    152444   1413676   1349865    274606    270893     15276     15088     34202     31157
2I 182 16    3868195   1975745   1892450   1627597   1553897    294317    288845     17349     16459     36482     33249    162393    156124   1475108   1407445    287564    282202     16071     15229     34609     31450
2I 182 17    4135802   2115892   2019910   1753745   1667420    305527    300434     18276     17595     38344     34461    171073    162234   1593103   1515293    298260    293481     16971     16310     36485     32592
2I 182 18    4149367   2112264   2037103   1758953   1689187    296123    295930     18121     17217     39067     34769    173827    162626   1595671   1536727    288938    288955     16754     15940     37074     32855
2I 182 19    4412604   2234826   2177778   1866861   1812254    306890    309968     18909     17716     42166     37840    188975    174150   1689193   1648918    299202    302675     17451     16325     40005     35710
2I 182 20    4489245   2277835   2211410   1915007   1846567    302340    309250     17700     17060     42788     38533    191294    170824   1735340   1686630    294424    301835     16215     15707     40562     36414
2I 182 21    4386975   2221746   2165229   1878504   1813825    284958    296105     17007     16429     41277     38870    191866    171140   1697977   1653488    277292    288821     15568     15088     39043     36692
2I 182 22    4339129   2192053   2147076   1857845   1799114    276879    292224     16344     15724     40985     40014    188601    166827   1680510   1642763    269327    285092     14929     14549     38686     37845
2I 182 23    4296922   2162794   2134128   1841169   1791705    266358    285981     14964     14969     40303     41473    184955    165458   1666920   1636749    259063    278881     13678     13777     38178     39263
2I 182 24    4395862   2212892   2182970   1886278   1832214    269195    291447     14546     14159     42873     45150    187230    168564   1709931   1674425    261977    284259     13162     12897     40592     42825
2I 182 25    4314380   2167634   2146746   1847212   1799877    262412    285131     14633     14925     43377     46813    180255    165148   1677633   1645190    255204    278218     13323     13669     41219     44521
2I 182 26    4157797   2083530   2074267   1781692   1740739    246247    271725     13723     14488     41868     47315    173019    159868   1618777   1590870    239470    265191     12503     13296     39761     45042
2I 182 27    4152005   2076114   2075891   1774947   1743032    242990    269406     12210     12254     45967     51199    165118    154422   1619478   1598254    236620    263204     11133     11262     43765     48749
2I 182 28    3861840   1928911   1932929   1654337   1628190    218624    244044     12117     12324     43833     48371    147765    141737   1514876   1495572    213324    238318     11108     11297     41838     46005
2I 182 29    4086805   2041473   2045332   1753433   1722873    227918    257171     13082     13307     47040     51981    152528    147547   1609744   1584673    222322    251242     11986     12276     44893     49594
2I 182 30    3950913   1968903   1982010   1688481   1665496    220338    250671     13116     13573     46968     52270    141558    138185   1555280   1536078    215015    245103     12074     12578     44976     50066
2I 182 31    3663861   1820214   1843647   1560528   1547623    201287    231063     12907     13660     45492     51301    135231    133222   1433001   1422802    196382    225861     11954     12677     43646     49085
2I 182 32    3692493   1831946   1860547   1576544   1568421    197844    228399     11673     12178     45885     51549    128297    128475   1455490   1447905    193238    223399     10873     11366     44048     49402
2I 182 33    3615691   1787927   1827764   1546635   1549753    186071    215365     11279     12026     43942     50620    119375    120913   1434112   1436424    181821    210677     10467     11221     42152     48529
2I 182 34    3883856   1928954   1954902   1694141   1684670    184209    212658     10414     11076     40190     46498    120626    122194   1580071   1569804    180013    208026      9677     10325     38567     44553
2I 182 35    3419839   1696733   1723106   1491213   1485230    159589    186208     10026     10543     35905     41125    109828    112562   1387532   1379649    155788    181889      9272      9777     34313     39229
2I 182 36    2822017   1389388   1432629   1208370   1219010    137407    165118      9240      9610     34371     38891     96971     99704   1116946   1125503    133969    161166      8567      8971     32935     37285
2I 182 37    2888295   1420850   1467445   1236331   1251878    141844    169206      9354     10006     33321     36355     94913     98093   1146886   1159963    138376    165258      8741      9367     31934     34764
2I 182 38    2936182   1444127   1492055   1272676   1290886    131583    157979      8581      9019     31287     34171     87003     92556   1190382   1204038    128617    154292      8044      8447     30081     32722
2I 182 39    2972550   1469136   1503414   1288112   1296218    140882    164567      8678      8973     31464     33656     88084     92654   1204935   1209354    137759    160717      8129      8428     30229     32261
2I 182 40    2686799   1318980   1367819   1145633   1166506    134557    160282      8442      8678     30348     32353     81623     85222   1068854   1086814    131387    156682      7920      8131     29196     30970
2I 182 41    2443754   1200267   1243487   1047007   1064294    118133    142272      7796      7984     27331     28937     78538     81135    972975    988140    115209    138978      7309      7502     26236     27732
2I 182 42    2370560   1164493   1206067   1013477   1031173    117736    140268      7418      7872     25862     26754     76395     79455    941569    956807    114722    136839      7002      7392     24805     25574
2I 182 43    2411979   1179957   1232022   1029819   1057276    117045    140567      7297      7607     25796     26572     73043     77464    961085    984773    114242    137145      6872      7164     24715     25476
2I 182 44    2340086   1146701   1193385    997613   1020722    117631    140325      6853      7232     24604     25106     71560     75191    930234    950193    114841    137101      6466      6822     23600     24078
2I 182 45    2205749   1077454   1128295    937168    965542    110711    132404      6518      6808     23057     23541     66375     70994    874819    898934    107980    129369      6158      6420     22122     22578
2I 182 46    2274364   1108136   1166228    973886   1003649    106592    133060      6160      6609     21498     22910     67464     71507    910158    936420    104045    129993      5819      6253     20650     22055
2I 182 47    2275949   1108553   1167396    971766   1005393    109507    132428      6410      6485     20870     23090     66953     70720    908567    938784    106881    129535      6058      6097     20094     22260
2I 182 48    2053985   1002285   1051700    883391    911416     95082    113488      5527      5932     18285     20864     58114     62239    828457    852837     92920    110902      5211      5591     17583     20131
2I 182 49    2207557   1073454   1134103    944114    979533    104728    125802      5746      6357     18866     22411     60549     64885    886989    918379    102328    123178      5429      6010     18159     21651
2I 182 50    2269643   1090787   1178856    961194   1019866    105996    130806      5400      6128     18197     22056     60131     64070    904271    959377    103706    128211      5112      5808     17567     21390
2I 182 51    2260446   1092312   1168134    971579   1019639     98388    122026      5307      5847     17038     20622     60422     65166    914266    958117     96197    119435      5011      5518     16416     19898
2I 182 52    2274906   1101289   1173617    979308   1024152    100153    123370      5340      5682     16488     20413     58679     63281    923550    964462     98113    120804      5025      5367     15922     19703
2I 182 53    2324054   1120556   1203498   1000964   1056140     98921    122045      5037      5490     15634     19823     56827     61141    946894    998551     96966    119470      4757      5187     15112     19149
2I 182 54    2390811   1143320   1247491   1019535   1095247    103275    126987      5042      5466     15468     19791     55088     59942    967324   1038757    101213    124503      4755      5166     14940     19123
2I 182 55    2293028   1083869   1209159    963722   1061586    100256    123442      4859      5234     15032     18897     50113     56560    916320   1008395     98331    121047      4593      4935     14512     18222
2I 182 56    2299149   1086663   1212486    972985   1072934     94980    116819      4538      4955     14160     17778     49209     54485    926246   1021500     93248    114700      4290      4673     13670     17128
2I 182 57    2387752   1126603   1261149   1009710   1119343     97857    119707      4552      5177     14484     16922     48750     53841    963467   1068546     96089    117508      4283      4916     14014     16338
2I 182 58    2245929   1054906   1191023    945971   1059757     90440    110602      4418      4769     14077     15895     44859     48113    903360   1014561     88853    108522      4184      4512     13650     15315
2I 182 59    2263621   1058282   1205339    950070   1073460     90115    111242      4374      4710     13723     15927     43099     47417    909203   1028906     88502    109217      4157      4455     13321     15344
2I 182 60    2310818   1081505   1229313    971616   1094204     92435    115284      4159      4548     13295     15277     40854     45265    932879   1051652     90914    113237      3950      4338     12908     14821
2I 182 61    2170546   1015353   1155193    917800   1034201     81867    102997      3742      4107     11944     13888     37145     42416    882568    994312     80520    101191      3547      3891     11573     13383
2I 182 62    2010498    932033   1078465    840246    962945     76969     98403      3625      3917     11193     13200     33510     38584    808560    926742     75658     96684      3455      3734     10850     12721
2I 182 63    1986980    920377   1066603    835271    958032     71731     92900      3157      3570     10218     12101     29512     35078    807332    925022     70617     91382      3017      3414      9899     11707
2I 182 64    2009949    922130   1087819    837812    979807     71359     92323      3022      3537      9937     12152     29098     35157    810337    946789     70210     90781      2863      3367      9622     11725
2I 182 65    1921077    870554   1050523    783828    938076     74126     97058      2941      3428      9659     11961     25892     32542    759579    907702     72965     95466      2782      3263      9336     11550
2I 182 66    1827670    823169   1004501    743849    899937     67599     90338      2698      3266      9023     10960     25055     31459    720187    870408     66601     88918      2581      3126      8745     10590
2I 182 67    1801383    801296   1000087    722325    894737     66962     91397      2636      3456      9373     10497     24508     31794    699292    864973     65935     89918      2545      3306      9016     10096
2I 182 68    1718037    756660    961377    684757    865468     60394     83221      2534      3106      8975      9582     23110     30399    662988    836859     59552     81925      2423      2972      8587      9222
2I 182 69    1678466    726642    951824    650556    848862     64582     90468      2585      3107      8919      9387     21988     29599    630054    821149     63611     89071      2468      2973      8521      9032
2I 182 70    1575717    678203    897514    609636    805323     58122     81270      2330      2698      8115      8223     20494     27381    590541    779578     57270     80066      2206      2574      7692      7915
2I 182 71    1498362    636811    861551    576659    779704     50561     71620      2149      2598      7442      7629     19842     26757    558120    754315     49806     70633      2024      2495      7019      7351
2I 182 72    1418325    595893    822432    539289    744154     47590     68954      1821      2455      7193      6869     17977     23911    522391    721642     46997     67910      1745      2344      6783      6625
2I 182 73    1315951    543401    772550    493329    701289     41883     62711      1694      2283      6495      6267     16506     21980    477807    680481     41333     61868      1619      2184      6136      6037
2I 182 74    1264062    512763    751299    462343    680597     42410     62531      1660      2214      6350      5957     15892     21038    447453    660649     41844     61731      1588      2125      5986      5756
2I 182 75    1174431    470437    703994    424643    638922     38551     57551      1508      2032      5735      5489     14748     19630    410833    620280     38029     56785      1434      1963      5393      5336
2I 182 76    1086431    425446    660985    383849    600491     35035     53507      1423      1893      5139      5094     13696     18512    370965    582896     34542     52850      1363      1820      4880      4907
2I 182 77    1005324    384926    620398    346937    563883     31990     50026      1376      1724      4623      4765     12618     17328    335116    547347     31547     49448      1301      1643      4344      4632
2I 182 78     920695    345897    574798    312356    523741     28311     45196      1191      1560      4039      4301     11535     15384    301507    509104     27887     44636      1136      1497      3832      4177
2I 182 79     844800    312769    532031    282385    484914     25780     41803      1038      1423      3566      3891     10367     13677    272636    471956     25400     41252       986      1365      3380      3781
2I 182 80     754108    271556    482552    244918    440503     22694     37338       892      1265      3052      3446      8998     12475    236459    428594     22380     36894       848      1218      2871      3371
2I 182 81     670444    234421    436023    215339    404471     15851     27513       727      1073      2504      2966      8422     12368    207366    392637     15584     27118       691      1032      2358      2868
2I 182 82     595484    206348    389136    189360    360766     14395     24884       601       860      1992      2626      6149      8552    183543    352555     14193     24623       574       827      1889      2579
2I 182 83     549245    185805    363440    170326    336984     13250     23296       504       790      1725      2370      5081      7403    165515    329923     13081     23026       484       754      1644      2334
2I 182 84     497144    163533    333611    149296    308394     12287     22161       454       776      1496      2280      4275      6599    145263    302135     12114     21888       435       746      1446      2243
2I 182 85     427283    136513    290770    124029    269024     10586     19216       443       650      1455      1880      3740      5884    120611    263426     10362     18990       427       621      1373      1849
2I 182 86     371901    116347    255554    105845    236817      9029     16619       385       584      1088      1534      3320      5219    102786    231816      8849     16451       364       558      1028      1510
2I 182 87     326377    101156    225221     91998    208216      8133     15155       332       561       693      1289      2956      4432     89300    203999      7943     14985       311       537       646      1268
2I 182 88     275163     83077    192086     75842    177594      6454     12923       259       480       522      1089      2498      3831     73562    173949      6281     12775       244       456       492      1075
2I 182 89     232936     68285    164651     62140    151801      5489     11560       229       406       427       884      2032      3246     60281    148713      5352     11436       212       387       408       869
2I 182 90     186022     53217    132805     48625    122879      4036      8890       188       324       368       712      1545      2622     47188    120385      3954      8797       178       305       352       696
2I 182 91     147700     41027    106673     37599     98839      2935      6939       145       244       348       651      1145      2116     36501     96822      2905      6865       138       235       338       635
2I 182 92     116056     31512     84544     28751     78143      2303      5675       132       198       326       528       895      1702     27898     76517      2280      5614       123       192       316       519
2I 182 93      90035     24109     65926     21861     60801      1882      4555       104       147       262       423       683      1315     21214     59549      1860      4509       100       139       252       414
2I 182 94      68430     17883     50547     16114     46462      1498      3637        76       117       195       331       495      1022     15648     45496      1477      3596        74       112       189       321
2I 182 95      49301     12273     37028     11005     33957      1062      2753        57        82       149       236       357       746     10672     33251      1052      2720        52        79       140       232
2I 182 96      35173      8465     26708      7544     24417       796      2059        30        67        95       165       241       534      7316     23915       789      2033        30        64        89       162
2I 182 97      24797      5935     18862      5169     17130       669      1579        29        39        68       114       164       381      5015     16776       665      1557        26        36        65       112
2I 182 98      16755      3913     12842      3337     11586       521      1156        18        34        37        66       102       258      3244     11350       515      1141        17        32        35        61
2I 182 99      11158      2417      8741      1979      7779       406       884         1        14        31        64        92       180      1899      7609       399       875         0        13        27        64
2I 182100      18344      3886     14458      2923     12306       852      2007        34        42        77       103       168       351      2779     11990       834      1980        33        40        72        97
