2I 482999  231645022 112783574 118861448  96760200 101313532  13069042  14478465    755819    770753   2198513   2298698   8071844   8018111  89161620  93785427  12756491  14151234    697793    713798   2095826   2192878
2I 482  0    3620434   1852295   1768139   1519174   1441102    271314    267504     17368     17013     44439     42520    188571    179577   1341540   1272156    264053    260408     16088     15771     42043     40227
2I 482  1    3483302   1783418   1699884   1464879   1387614    259914    255536     16549     15877     42076     40857    176917    168359   1297782   1228834    253395    249129     15421     14790     39903     38772
2I 482  2    3410694   1742158   1668536   1423386   1355268    261238    256622     17055     16739     40479     39907    185267    179835   1249437   1186365    253832    249515     15365     15084     38257     37737
2I 482  3    3316525   1695083   1621442   1384855   1316608    254576    249678     16544     16027     39108     39129    175032    167525   1220553   1159477    247607    242954     14933     14450     36958     37036
2I 482  4    3313601   1695131   1618470   1388245   1317354    253004    248842     15546     15097     38336     37177    176368    169526   1222515   1158049    246115    242148     13945     13591     36188     35156
2I 482  5    3216752   1645319   1571433   1346234   1277870    246763    242635     15101     14253     37221     36675    173847    167506   1182634   1120200    240011    236092     13612     12852     35215     34783
2I 482  6    3149533   1611905   1537628   1321662   1253360    239587    234680     14278     13982     36378     35606    170064    163688   1161264   1098785    233138    228809     12903     12595     34536     33751
2I 482  7    3221892   1650383   1571509   1354983   1283946    242380    237198     14684     14107     38336     36258    169083    162918   1195660   1129980    235996    231313     13344     12871     36300     34427
2I 482  8    3060530   1566691   1493839   1279484   1212513    235394    231305     14559     14266     37254     35755    156978    151548   1131751   1069844    229477    225586     13230     12984     35255     33877
2I 482  9    3282125   1677307   1604818   1365958   1298331    255746    252238     15916     15648     39687     38601    164841    157743   1210892   1150119    249574    246174     14460     14239     37540     36543
2I 482 10    3569273   1827044   1742229   1495098   1418246    274915    269221     16469     15942     40562     38820    167101    160727   1337767   1266866    268732    263262     15076     14608     38368     36766
2I 482 11    3791607   1940454   1851153   1599392   1519334    284603    277673     16694     16349     39765     37797    169809    163820   1439655   1365048    278059    271501     15317     15022     37614     35762
2I 482 12    3673329   1877438   1795891   1554216   1479055    267141    263494     16602     16311     39479     37031    160738    156626   1402870   1331642    261128    257594     15232     14959     37470     35070
2I 482 13    3602510   1839551   1762959   1524273   1453105    260753    258264     16550     16012     37975     35578    154498    150612   1378867   1311525    254777    252334     15288     14753     36121     33735
2I 482 14    3569277   1823837   1745440   1503764   1430028    267168    265435     16258     15633     36647     34344    152584    148660   1360382   1290650    261063    259172     15007     14413     34801     32545
2I 482 15    3701296   1887501   1813795   1556420   1489171    278152    274841     16451     16328     36478     33455    155818    152506   1410241   1346296    271688    268328     15163     15065     34591     31600
2I 482 16    3822119   1952304   1869815   1605443   1533316    292585    286645     17158     16239     37118     33615    161842    155623   1453589   1387422    285829    279970     15850     15003     35194     31797
2I 482 17    4074550   2084194   1990356   1724660   1640552    302825    297607     18250     17514     38459     34683    171198    162366   1564006   1488409    295488    290595     16933     16212     36569     32774
2I 482 18    4145211   2109983   2035228   1755867   1686298    296149    296299     18180     17329     39787     35302    173917    162756   1592712   1533894    288811    289168     16788     16042     37755     33368
2I 482 19    4394804   2227416   2167388   1858065   1801377    307049    309629     19218     17914     43084     38468    190243    176084   1679326   1636329    299253    302204     17732     16491     40862     36280
2I 482 20    4463116   2265039   2198077   1902235   1834341    301490    307822     18003     17196     43311     38718    194084    172769   1720142   1672697    293340    300248     16477     15823     40996     36540
2I 482 21    4406643   2233022   2173621   1886038   1819366    287322    298101     17026     16491     42636     39663    193674    172103   1703957   1658303    279470    290675     15556     15105     40365     37435
2I 482 22    4332971   2190946   2142025   1855775   1794021    276878    291671     16555     15863     41738     40470    192466    169581   1674966   1635213    269113    284356     15075     14643     39326     38232
2I 482 23    4316987   2172061   2144926   1847747   1798449    268002    289015     15237     15305     41075     42157    188166    167364   1670688   1641839    260405    281726     13926     14105     38876     39892
2I 482 24    4400575   2216590   2183985   1889432   1833792    269375    290576     14619     14258     43164     45359    191074    170808   1709582   1674084    261935    283170     13194     12970     40805     42953
2I 482 25    4320112   2172592   2147520   1851450   1800469    262592    285146     14602     14696     43948     47209    184220    167644   1678281   1643607    255146    278029     13252     13415     41693     44825
2I 482 26    4204218   2106802   2097416   1799146   1757968    250790    276229     14082     15010     42784     48209    176125    162395   1633454   1605922    243785    269451     12803     13744     40635     45904
2I 482 27    4165882   2085297   2080585   1781543   1744330    244934    271873     12357     12452     46463     51930    169064    157149   1622552   1597072    238256    265489     11236     11432     44189     49443
2I 482 28    3885696   1939354   1946342   1662102   1638744    220645    246094     12086     12241     44521     49263    150654    143773   1520042   1504300    215130    240229     11060     11204     42468     46836
2I 482 29    4098287   2048561   2049726   1757687   1726270    229331    257123     13117     13338     48426     52995    155421    149836   1611329   1586083    223607    251037     11992     12270     46212     50500
2I 482 30    3980654   1985045   1995609   1702995   1677896    221053    251528     13217     13595     47780     52590    144652    141175   1567009   1545774    215557    245774     12132     12574     45695     50312
2I 482 31    3699319   1837049   1862270   1574430   1561630    203190    234373     13138     13908     46291     52359    135830    133532   1446506   1436659    198175    229089     12131     12881     44407     50109
2I 482 32    3686007   1829260   1856747   1571167   1562407    199255    229500     11884     12413     46954     52427    130814    130515   1447794   1440020    194512    224396     11060     11573     45080     50243
2I 482 33    3609782   1785580   1824202   1542174   1543940    187446    217045     11381     12122     44579     51095    121188    122431   1428058   1429314    183039    212210     10549     11301     42746     48946
2I 482 34    3796398   1885332   1911066   1647442   1637331    186092    214582     10543     11298     41255     47855    121941    123256   1532254   1521571    181756    209831      9792     10537     39589     45871
2I 482 35    3731595   1851064   1880531   1632331   1626973    170239    198678     10271     10898     38223     43982    113549    116237   1525153   1517967    166282    194206      9496     10099     36584     42022
2I 482 36    2797641   1377466   1420175   1197350   1207582    136062    163613      9406      9713     34648     39267     98167    101274   1104882   1112690    132562    159577      8694      9043     33161     37591
2I 482 37    2887242   1420790   1466452   1234287   1248371    142790    170332      9450     10105     34263     37644     96307     98925   1143591   1155708    139249    166344      8809      9452     32834     36023
2I 482 38    2865603   1409545   1456058   1239106   1256780    130309    155931      8689      9163     31441     34184     88078     93500   1155915   1169138    127216    152172      8134      8567     30202     32681
2I 482 39    3067362   1515542   1551820   1331700   1340949    142650    166863      8810      9159     32382     34849     89696     94529   1246997   1252355    139504    162926      8243      8595     31102     33415
2I 482 40    2726928   1339488   1387440   1163244   1182716    136761    162644      8626      8929     30857     33151     82988     86860   1085252   1101605    133487    158900      8088      8359     29673     31716
2I 482 41    2474946   1215436   1259510   1060500   1078809    118878    142913      7877      8036     28181     29752     78567     81349    986481   1002486    115964    139605      7370      7548     27054     28522
2I 482 42    2392539   1175222   1217317   1022526   1039922    118848    141882      7486      7946     26362     27567     77253     79988    949835    965063    115764    138451      7054      7450     25316     26365
2I 482 43    2405816   1177375   1228441   1026262   1052905    117394    140758      7443      7780     26276     26998     74199     78555    956549    979493    114469    137215      7004      7319     25154     25859
2I 482 44    2372964   1162968   1209996   1011912   1035273    119037    141808      6978      7365     25041     25550     72621     76238    943579    963860    116187    138469      6576      6941     24005     24488
2I 482 45    2217433   1084032   1133401    941647    968799    111866    133533      6616      6845     23903     24224     66971     71490    878805    901765    109073    130467      6244      6445     22939     23234
2I 482 46    2253750   1097215   1156535    961410    992315    107517    134222      6190      6696     22098     23302     67207     71466    898021    925234    104936    131095      5838      6334     21213     22406
2I 482 47    2312290   1126421   1185869    988877   1022210    109655    133707      6489      6563     21400     23389     68518     72238    924198    954172    106978    130750      6128      6167     20599     22542
2I 482 48    2040358    996460   1043898    877019    903949     95128    112883      5645      5960     18668     21106     58765     62660    821508    845022     92913    110252      5323      5609     17951     20355
2I 482 49    2191911   1066469   1125442    936600    970725    104855    125594      5784      6391     19230     22732     60383     65030    879697    909515    102437    122919      5452      6027     18500     21951
2I 482 50    2250445   1082092   1168353    952273   1009176    105819    130678      5527      6241     18473     22258     60171     64189    895392    948637    103479    128038      5226      5915     17824     21574
2I 482 51    2254826   1087387   1167439    966297   1018293     98467    122308      5256      5866     17367     20972     60057     64776    909364    957175     96264    119703      4966      5535     16736     20250
2I 482 52    2269933   1101421   1168512    979240   1019131     99996    123062      5376      5705     16809     20614     59317     63672    922918    959047     97903    120510      5054      5385     16229     19898
2I 482 53    2305183   1111213   1193970    991366   1046212     98878    121997      5108      5575     15861     20186     57402     62027    936780    987849     96890    119346      4821      5260     15320     19488
2I 482 54    2402055   1151123   1250932   1026983   1098385    103352    126961      5075      5515     15713     20071     56040     60606    973844   1041282    101273    124447      4784      5209     15182     19388
2I 482 55    2290579   1082905   1207674    962220   1059477    100518    123595      4916      5325     15251     19277     50501     57135    914518   1005794     98527    121127      4641      5021     14718     18597
2I 482 56    2278113   1076433   1201680    962588   1061565     95027    117033      4554      4921     14264     18161     49334     54624    915749   1010039     93284    114896      4303      4629     13763     17492
2I 482 57    2394827   1129961   1264866   1013007   1122697     97791    119725      4562      5188     14601     17256     49138     54746    966434   1071038     95983    117507      4291      4921     14115     16654
2I 482 58    2256856   1060102   1196754    950958   1064991     90404    110704      4468      4824     14272     16235     45506     48884    907754   1019071     88793    108578      4222      4569     13827     15652
2I 482 59    2236443   1044530   1191913    935618   1059116     90431    111734      4419      4769     14062     16294     43307     47624    894591   1014435     88793    109691      4193      4495     13646     15668
2I 482 60    2332202   1090747   1241455    980311   1105474     92580    115648      4228      4634     13628     15699     41755     45973    940749   1062287     91007    113542      4016      4420     13220     15233
2I 482 61    2190868   1025858   1165010    927617   1043083     82211    103567      3791      4153     12239     14207     37512     42809    892028   1002828     80857    101734      3591      3933     11870     13706
2I 482 62    2019851    937038   1082813    844627    966298     77187     98975      3670      3955     11554     13585     34540     39567    811954    929169     75866     97232      3492      3762     11186     13083
2I 482 63    1979703    916558   1063145    830950    953855     71958     93295      3257      3648     10393     12347     29850     35444    802724    920548     70805     91735      3108      3485     10071     11933
2I 482 64    2029187    932846   1096341    848152    987774     71507     92630      3045      3580     10142     12357     29818     35807    819959    954125     70352     91069      2891      3410      9826     11930
2I 482 65    1928852    873125   1055727    786312    943018     74090     97014      2962      3477      9761     12218     26201     32996    761810    912262     72889     95380      2797      3302      9428     11787
2I 482 66    1826828    823792   1003036    744075    897989     67833     90581      2730      3233      9154     11233     24985     31314    720528    868615     66809     89148      2600      3093      8870     10866
2I 482 67    1805798    803243   1002555    724210    897011     66903     91376      2654      3448      9476     10720     24495     31785    701175    867247     65876     89908      2559      3295      9138     10320
2I 482 68    1722261    758381    963880    686385    867423     60309     83395      2561      3166      9126      9896     23303     30643    664453    838621     59444     82075      2452      3026      8729      9515
2I 482 69    1685254    729346    955908    653133    852452     64570     90659      2584      3143      9059      9654     22154     29956    632467    824395     63595     89251      2468      3011      8662      9295
2I 482 70    1583494    681542    901952    612534    808896     58376     81875      2339      2759      8293      8422     20493     27475    593447    783141     57508     80608      2218      2629      7876      8099
2I 482 71    1505553    639843    865710    579442    783183     50726     72061      2181      2597      7494      7869     20049     27118    560722    757433     49962     71089      2045      2488      7065      7582
2I 482 72    1424277    598220    826057    541478    747045     47632     69412      1858      2498      7252      7102     18203     24432    524378    724042     47013     68342      1777      2394      6849      6847
2I 482 73    1323050    546405    776645    496078    704741     42033     63151      1696      2320      6598      6433     16621     22278    480465    683688     41467     62268      1621      2216      6231      6195
2I 482 74    1271180    515594    755586    464930    684371     42494     62838      1672      2261      6498      6116     15968     21231    449977    664265     41924     62028      1598      2166      6127      5896
2I 482 75    1181629    473135    708494    427087    642949     38692     57874      1538      2059      5818      5612     14863     19873    413193    624086     38157     57096      1458      1988      5464      5451
2I 482 76    1092994    428042    664952    386232    604111     35181     53775      1414      1930      5215      5136     13777     18603    373282    586442     34674     53097      1354      1854      4955      4956
2I 482 77    1011794    387378    624416    349175    567470     32107     50318      1383      1763      4713      4865     12717     17630    337257    550656     31661     49727      1312      1682      4431      4721
2I 482 78     926447    347994    578453    314196    527017     28489     45498      1205      1577      4104      4361     11652     15677    303246    512077     28062     44950      1147      1515      3887      4234
2I 482 79     848818    313717    535101    283159    487506     25881     42177      1046      1445      3631      3973     10579     14006    273217    474256     25480     41602       994      1382      3447      3855
2I 482 80     758222    272807    485415    245930    442952     22886     37690       900      1272      3091      3501      8896     12196    237579    431311     22568     37260       857      1229      2907      3419
2I 482 81     674241    235638    438603    216367    406656     16008     27866       731      1093      2532      2988      8600     12750    208230    394462     15736     27450       691      1049      2381      2892
2I 482 82     599081    207241    391840    190214    363178     14391     25132       603       878      2033      2652      6497      9091    184066    354447     14176     24864       577       844      1925      2594
2I 482 83     552534    186732    365802    171133    339013     13320     23589       519       795      1760      2405      5255      7594    166171    331776     13134     23309       497       758      1675      2365
2I 482 84     499125    163950    335175    149583    309688     12396     22386       461       797      1510      2304      4337      6701    145481    303332     12233     22109       442       764      1457      2269
2I 482 85     429849    137142    292707    124518    270720     10678     19412       464       659      1482      1916      3730      5873    121109    265140     10453     19181       444       630      1406      1883
2I 482 86     370723    114938    255785    104570    237165      8836     16485       384       572      1148      1563      3290      5243    101551    232137      8645     16316       364       548      1088      1541
2I 482 87     327221    101151    226070     91868    209028      8237     15204       330       556       716      1282      2970      4503     89165    204743      8042     15033       313       532       661      1259
2I 482 88     276509     83255    193254     75878    178598      6594     13066       262       494       521      1096      2532      3868     73570    174919      6412     12917       247       467       494      1083
2I 482 89     234693     68549    166144     62300    153064      5598     11775       239       413       412       892      2066      3280     60417    149942      5455     11649       220       394       391       879
2I 482 90     186946     53117    133829     48521    123780      4069      9017       183       328       344       704      1576      2655     47065    121260      3977      8919       169       309       330       686
2I 482 91     148657     41065    107592     37637     99692      2958      7013       145       252       325       635      1166      2148     36523     97647      2921      6937       138       238       317       622
2I 482 92     117352     31740     85612     28989     79149      2301      5728       127       196       323       539       912      1738     28119     77489      2278      5669       119       189       312       527
2I 482 93      90813     24173     66640     21914     61429      1885      4626       104       154       270       431       688      1341     21262     60152      1865      4580        99       146       259       421
2I 482 94      69028     17977     51051     16199     46909      1492      3671        78       124       208       347       510      1040     15722     45924      1470      3631        76       119       199       337
2I 482 95      49827     12383     37444     11109     34323      1070      2784        56        92       148       245       357       763     10774     33604      1059      2749        53        88       140       240
2I 482 96      35504      8487     27017      7554     24700       797      2084        35        62       101       171       251       545      7319     24185       789      2060        33        59        95       168
2I 482 97      25002      5919     19083      5169     17339       659      1585        31        43        60       116       165       389      5013     16976       655      1563        29        41        57       114
2I 482 98      16910      3935     12975      3362     11708       519      1160        16        34        38        73       111       265      3260     11464       513      1144        15        32        36        70
2I 482 99      11260      2441      8819      1995      7864       416       893         3        14        27        48        91       185      1916      7690       408       885         2        13        24        46
2I 482100      17836      3528     14308      2565     12188       850      1998        36        35        77        87       178       368      2413     11856       832      1971        34        32        71        81
2I 782999  232187835 113052446 119135389  96936901 101487611  13107942  14523664    762752    777804   2244851   2346310   8161919   8097821  89259570  93890582  12788497  14190027    703213    719474   2139247   2237485
2I 782  0    3643570   1863698   1779872   1527130   1449287    273343    269589     17894     17506     45331     43490    191276    182291   1347137   1277952    265857    262288     16565     16217     42863     41124
2I 782  1    3489139   1785996   1703143   1467361   1390706    259018    254518     16587     16043     43030     41876    179505    170928   1297987   1229661    252320    247939     15411     14905     40773     39710
2I 782  2    3436728   1755756   1680972   1433890   1364443    262833    258597     17128     16770     41905     41162    184028    177812   1260913   1197324    255590    251622     15555     15232     39670     38982
2I 782  3    3361224   1717396   1643828   1402779   1334462    257381    252937     16789     16186     40447     40243    178897    171871   1234966   1173323    250182    246011     15124     14550     38227     38073
2I 782  4    3297168   1686569   1610599   1379263   1309322    252270    247789     15758     15253     39278     38235    176194    169084   1213898   1150645    245278    240997     14122     13711     37077     36162
2I 782  5    3273883   1675690   1598193   1369902   1298703    252644    247578     15215     14471     37929     37441    175737    169335   1204700   1139488    245744    240868     13664     13018     35845     35484
2I 782  6    3133165   1602374   1530791   1313772   1247333    237261    233418     14486     14044     36855     35996    172159    165747   1151570   1091020    230640    227322     13050     12611     34955     34091
2I 782  7    3235675   1657479   1578196   1359284   1288017    244890    239479     14705     14159     38600     36541    171105    164784   1198152   1132387    238348    233500     13322     12861     36552     34664
2I 782  8    3057900   1566118   1491782   1280425   1212343    233582    229062     14492     14187     37619     36190    158661    153214   1131186   1068084    227539    223288     13146     12899     35586     34297
2I 782  9    3257322   1665080   1592242   1354073   1286810    254610    251050     15968     15695     40429     38687    165803    158913   1198253   1137624    248316    244874     14473     14252     38235     36579
2I 782 10    3499586   1791596   1707990   1462836   1386663    271337    266013     16326     15785     41097     39529    166021    159213   1306624   1236848    265152    260028     14925     14444     38874     37457
2I 782 11    3763436   1926501   1836935   1583761   1503630    285322    278209     16745     16417     40673     38679    169951    164096   1423966   1349156    278768    272029     15348     15069     38468     36585
2I 782 12    3682678   1882801   1799877   1562307   1486158    263830    259660     16898     16553     39766     37506    164302    159519   1407743   1336126    257618    253586     15481     15170     37657     35476
2I 782 13    3623857   1849213   1774644   1527429   1458259    265448    263040     16678     16218     39658     37127    156287    152628   1380453   1314828    259375    257068     15372     14911     37726     35209
2I 782 14    3575021   1827229   1747792   1506356   1432350    266633    264338     16382     15710     37858     35394    153569    149190   1362071   1292523    260509    258059     15110     14466     35970     33554
2I 782 15    3681408   1877750   1803658   1548379   1480537    275670    272636     16463     16274     37238     34211    155916    152574   1402183   1337719    269180    266069     15158     14989     35313     32307
2I 782 16    3787043   1934125   1852918   1589519   1518146    289755    284318     16951     16151     37900     34303    161475    155434   1438137   1372556    282961    277585     15621     14899     35931     32444
2I 782 17    4014498   2053574   1960924   1695768   1613226    300550    295161     18188     17353     39068     35184    171430    162339   1535034   1461209    293151    288111     16848     16038     37111     33227
2I 782 18    4136299   2106713   2029586   1750736   1679320    297116    296918     18231     17429     40630     35919    174397    163576   1587329   1526332    289605    289616     16827     16120     38555     33942
2I 782 19    4394509   2228049   2166460   1857284   1798895    307349    310138     19409     18065     44007     39362    191749    177220   1677348   1632970    299355    302534     17890     16624     41707     37112
2I 782 20    4437574   2251723   2185851   1888534   1822315    300756    306676     18214     17256     44219     39604    195539    174182   1705232   1659477    292462    298996     16660     15852     41830     37344
2I 782 21    4438298   2249976   2188322   1898837   1831113    290163    300088     17237     16665     43739     40456    196909    174211   1713976   1668253    282017    292447     15697     15250     41377     38161
2I 782 22    4313981   2181288   2132693   1847496   1784709    274805    290888     16762     16066     42225     41030    196511    172759   1663026   1623122    266786    283335     15238     14778     39727     38699
2I 782 23    4322079   2175223   2146856   1846964   1797480    270631    290844     15506     15524     42122     43008    191999    169486   1666522   1639009    262755    283381     14139     14308     39808     40672
2I 782 24    4389974   2212715   2177259   1886586   1828365    267734    288659     14788     14464     43607     45771    194280    172404   1703886   1667361    260031    281043     13348     13165     41170     43286
2I 782 25    4389718   2207627   2182091   1881566   1829237    266168    289271     14486     14511     45407     49072    188130    170117   1704811   1670236    258551    281956     13091     13196     43044     46586
2I 782 26    4207530   2109926   2097604   1800010   1756763    251987    276893     14306     15179     43623     48769    179514    164785   1631305   1602654    244719    269883     12978     13870     41410     46412
2I 782 27    4180055   2093325   2086730   1786815   1748096    246705    272993     12796     13053     47009     52588    172919    160037   1624359   1598274    239747    266388     11609     11971     44691     50060
2I 782 28    3921489   1958131   1963358   1677069   1650515    223196    249977     11943     12070     45923     50796    153756    145913   1532236   1514072    217434    243993     10905     11036     43800     48344
2I 782 29    4116853   2058704   2058149   1762905   1731420    232988    259419     13216     13425     49595     53885    159097    152577   1613170   1588854    227072    253121     12057     12316     47308     51281
2I 782 30    3968729   1980001   1988728   1699763   1672214    218700    249504     13181     13519     48357     53491    145707    142336   1562864   1539140    213134    243647     12067     12473     46229     51132
2I 782 31    3786311   1879545   1906766   1611097   1599553    207273    239517     13255     13954     47920     53742    137980    135255   1481288   1473022    202102    234111     12200     12906     45975     51472
2I 782 32    3675442   1825125   1850317   1565559   1554808    199858    229954     12311     12922     47397     52633    133448    132567   1439841   1430637    194921    224700     11437     12023     45478     50390
2I 782 33    3632438   1796639   1835799   1549918   1551761    189303    219390     11456     12227     45962     52421    122878    123789   1434271   1435948    184793    214463     10612     11390     44085     50209
2I 782 34    3718572   1848469   1870103   1607093   1593936    188454    216133     10676     11409     42246     48625    123164    124307   1490905   1477325    183960    211238      9905     10633     40535     46600
2I 782 35    3934119   1949558   1984561   1721141   1719292    177462    207294     10570     11342     40385     46633    115836    118436   1611848   1608280    173404    202727      9772     10513     38698     44605
2I 782 36    2829813   1395002   1434811   1215175   1222392    135986    163407      9572      9887     34269     39125    101051    104416   1120024   1124582    132363    159251      8826      9185     32738     37377
2I 782 37    2884829   1419463   1465366   1231778   1245477    143149    171085      9461     10051     35075     38753     97144     99639   1140394   1152200    139526    167022      8794      9385     33605     37120
2I 782 38    2819689   1386549   1433140   1216320   1233944    129525    155056      8829      9397     31875     34743     89297     94169   1132058   1145751    126364    151275      8250      8774     30580     33171
2I 782 39    3143897   1552982   1590915   1365210   1375435    145161    169952      8988      9323     33623     36205     91139     96264   1279261   1285329    141890    165867      8398      8736     32294     34719
2I 782 40    2766917   1360309   1406608   1183008   1200772    137132    162791      8710      9078     31459     33967     83878     88244   1104148   1118386    133879    158982      8153      8495     30251     32501
2I 782 41    2512231   1233509   1278722   1075540   1094653    121130    145252      7997      8165     28842     30652     79005     81973   1001176   1017845    118151    141879      7477      7655     27700     29370
2I 782 42    2411332   1184752   1226580   1030914   1047878    119125    142426      7679      8082     27034     28194     78366     80906    957246    972196    115967    138945      7218      7575     25955     26958
2I 782 43    2397549   1173459   1224090   1021391   1047615    117885    140956      7521      7920     26662     27599     75038     79278    950950    973600    114868    137355      7075      7440     25528     26417
2I 782 44    2394912   1173886   1221026   1021433   1044877    119773    142644      7077      7449     25603     26056     73195     76898    952647    972954    116860    139197      6658      7012     24526     24965
2I 782 45    2242318   1096676   1145642    951758    978279    113620    135524      6719      6937     24579     24902     67921     72317    888064    910526    110780    132397      6332      6523     23579     23879
2I 782 46    2245280   1093560   1151720    958058    988225    106795    133251      6243      6772     22464     23472     67279     71727    894682    920957    104163    130091      5882      6401     21554     22544
2I 782 47    2273073   1107679   1165394    970049   1002745    109347    132571      6561      6671     21722     23407     68908     72677    905130    934379    106566    129529      6195      6273     20880     22536
2I 782 48    2075803   1013818   1061985    893671    920574     95338    114058      5713      5970     19096     21383     59991     63700    836986    860644     93088    111409      5384      5611     18369     20621
2I 782 49    2180308   1061821   1118487    931199    963960    105024    125055      5918      6501     19680     22971     60804     65647    873978    902302    102558    122260      5569      6118     18912     22160
2I 782 50    2233220   1074472   1158748    944459    999739    105640    130105      5546      6233     18827     22671     59471     63728    888300    939674    103298    127483      5235      5902     18168     21961
2I 782 51    2235338   1078212   1157126    956944   1007722     98380    122258      5273      5929     17615     21217     60001     64294    900096    947080     96156    119655      4980      5595     16979     20502
2I 782 52    2263706   1096207   1167499    973758   1017716     99902    123089      5404      5809     17143     20885     59773     64404    917098    956995     97723    120470      5078      5480     16535     20150
2I 782 53    2299880   1110845   1189035    990840   1041135     98727    121786      5155      5596     16123     20518     57955     62668    935718    982166     96743    119120      4859      5276     15570     19805
2I 782 54    2382878   1141824   1241054   1017499   1088302    103243    126797      5132      5589     15950     20366     56528     61164    963924   1030743    101126    124216      4836      5274     15410     19657
2I 782 55    2301221   1090254   1210967    969125   1062289    100674    123615      4948      5391     15507     19672     51286     57602    920704   1008174     98643    121123      4664      5084     14957     18984
2I 782 56    2276609   1075625   1200984    961366   1060151     95215    117340      4586      4952     14458     18541     49586     55158    914339   1008177     93427    115140      4333      4651     13940     17858
2I 782 57    2372675   1119299   1253376   1002129   1110700     97757    119821      4635      5174     14778     17681     49351     55252    955398   1058604     95918    117580      4358      4897     14274     17043
2I 782 58    2261946   1062367   1199579    953270   1067520     90260    110623      4447      4875     14390     16561     45743     49631    909870   1020875     88636    108488      4191      4618     13927     15967
2I 782 59    2250318   1051329   1198989    941907   1065449     90611    112062      4475      4852     14336     16626     44116     48300    900127   1020177     88949    109965      4238      4566     13899     15981
2I 782 60    2303185   1075387   1227798    964435   1090962     92727    115973      4306      4689     13919     16174     42035     46283    924659   1047548     91102    113836      4089      4461     13502     15670
2I 782 61    2211966   1035120   1176846    936206   1053943     82565    104170      3843      4200     12506     14533     38225     43406    899915   1013100     81212    102321      3636      3979     12132     14040
2I 782 62    2041127    947897   1093230    854729    975640     77499     99588      3752      4049     11917     13953     35145     40334    821490    937834     76163     97790      3565      3843     11534     13429
2I 782 63    1990180    922300   1067880    835924    957555     72342     93917      3332      3696     10702     12712     30804     36282    806796    923480     71149     92320      3179      3530     10372     12268
2I 782 64    2020883    928194   1092689    842810    983159     71880     93264      3097      3640     10407     12626     29819     35993    814618    949348     70726     91678      2945      3470     10086     12200
2I 782 65    1947325    883432   1063893    796371    950795     74192     97151      2970      3487      9899     12460     26795     33457    771295    919614     72974     95495      2803      3308      9565     12019
2I 782 66    1835044    826637   1008407    746726    903090     67830     90568      2743      3233      9338     11516     24954     31453    723262    873616     66783     89126      2602      3087      9036     11125
2I 782 67    1805188    803904   1001284    724505    895294     67174     91528      2696      3449      9529     11013     24557     31786    701409    865557     66136     90035      2592      3294      9210     10612
2I 782 68    1725417    759744    965673    687692    868893     60243     83486      2542      3195      9267     10099     23323     30752    665738    840005     59365     82156      2440      3050      8878      9710
2I 782 69    1690499    731507    958992    655325    855247     64408     90645      2595      3210      9179      9890     22307     30330    634514    826873     63432     89204      2477      3073      8777      9512
2I 782 70    1590722    684652    906070    615303    812244     58574     82366      2346      2784      8429      8676     20558     27656    596133    786325     57709     81092      2229      2652      8023      8345
2I 782 71    1513441    643271    870170    582560    786898     50925     72591      2224      2650      7562      8031     20118     27374    563808    760971     50133     71564      2083      2532      7129      7729
2I 782 72    1431028    601112    829916    544072    750114     47757     69934      1918      2510      7365      7358     18452     24908    526781    726635     47101     68874      1826      2406      6952      7093
2I 782 73    1330449    549664    780785    499135    708195     42169     63655      1687      2362      6673      6573     16732     22553    483407    686899     41609     62743      1613      2254      6303      6336
2I 782 74    1278787    518832    759955    467945    688147     42599     63238      1689      2292      6599      6278     16110     21540    452877    667776     42017     62400      1616      2193      6212      6046
2I 782 75    1189359    476265    713094    429954    647000     38856     58292      1543      2080      5912      5722     14922     20001    416006    628016     38315     57523      1463      2005      5559      5549
2I 782 76    1100369    431096    669273    389024    608009     35363     54080      1424      1968      5285      5216     13822     18763    376048    590202     34847     53374      1363      1894      5016      5040
2I 782 77    1018976    390303    628673    351856    571261     32251     50685      1385      1792      4811      4935     12818     17819    339842    554293     31791     50072      1317      1716      4535      4773
2I 782 78     933574    350879    582695    316786    530859     28696     45802      1220      1606      4177      4428     11742     15986    305767    515614     28262     45258      1159      1537      3949      4300
2I 782 79     854848    315784    539064    284936    490957     26066     42604      1063      1462      3719      4041     10723     14295    274880    477434     25656     42023      1010      1396      3515      3916
2I 782 80     763730    274795    488935    247676    446018     23111     38076       911      1295      3097      3546      8932     12170    239294    434418     22779     37640       867      1249      2923      3458
2I 782 81     679188    237512    441676    217969    409253     16208     28285       741      1111      2594      3027      8620     12731    209820    397082     15937     27864       700      1066      2435      2933
2I 782 82     603825    208777    395048    191641    365990     14461     25493       608       908      2067      2657      6874      9801    185137    356604     14233     25183       579       871      1954      2589
2I 782 83     556727    188156    368571    172462    341460     13368     23872       530       791      1796      2448      5397      7775    167365    334024     13176     23609       508       757      1710      2406
2I 782 84     502278    165031    337247    150518    311445     12522     22666       460       808      1531      2328      4393      6741    146365    305045     12356     22390       442       776      1475      2295
2I 782 85     433601    138443    295158    125621    272900     10815     19664       479       664      1528      1930      3739      5893    122189    267309     10598     19426       458       634      1459      1896
2I 782 86     373452    115720    257732    105267    238866      8886     16702       378       577      1189      1587      3296      5297    102254    233798      8683     16521       360       554      1127      1562
2I 782 87     326853    100221    226632     90979    209701      8113     15081       343       553       786      1297      2950      4552     88300    205360      7921     14917       326       525       724      1278
2I 782 88     278382     83849    194533     76274    179794      6773     13155       272       496       530      1088      2566      3893     73949    176085      6578     13007       257       471       499      1077
2I 782 89     237543     69284    168259     62858    154869      5779     12066       244       421       403       903      2102      3333     60948    151706      5629     11929       225       403       380       888
2I 782 90     189530     53743    135787     49048    125509      4170      9240       185       335       340       703      1599      2691     47573    122956      4072      9141       171       314       328       685
2I 782 91     151362     41775    109587     38286    101513      3029      7171       145       259       315       644      1192      2181     37155     99435      2986      7093       135       246       307       632
2I 782 92     119906     32440     87466     29649     80851      2349      5853       121       201       321       561       923      1770     28763     79162      2330      5793       114       192       310       549
2I 782 93      92962     24705     68257     22420     62916      1902      4745       109       158       274       438       712      1369     21754     61612      1880      4698       102       151       257       427
2I 782 94      70904     18459     52445     16654     48175      1515      3767        79       130       211       373       520      1062     16165     47168      1495      3728        76       124       203       363
2I 782 95      51444     12840     38604     11516     35403      1094      2848        63        91       167       262       363       785     11174     34662      1081      2814        61        87       161       256
2I 782 96      36721      8805     27916      7835     25524       814      2144        37        65       119       183       256       559      7597     24998       807      2118        34        61       111       180
2I 782 97      26028      6154     19874      5391     18062       664      1634        30        47        69       131       172       401      5227     17686       661      1613        28        46        66       128
2I 782 98      17689      4129     13560      3542     12251       522      1192        19        37        46        80       118       279      3435     11997       515      1172        18        34        43        78
2I 782 99      11901      2624      9277      2167      8293       428       921         2        14        27        49        90       192      2088      8114       420       912         1        13        25        46
2I 782100      18429      3423     15006      2426     12820       879      2080        36        31        82        75       189       390      2265     12466       860      2053        34        28        75        69
2I1082999  232816266 113364502 119451764  97148055 101695850  13158368  14579278    770300    785436   2287779   2391200   8256070   8182832  89388536  94025317  12831555  14238683    709153    725642   2179188   2279290
2I1082  0    3649956   1867345   1782611   1528703   1450523    273304    269088     18541     18084     46797     44916    193407    184402   1346936   1277405    265615    261604     17154     16739     44233     42461
2I1082  1    3498052   1790256   1707796   1470313   1394056    259445    254981     16597     16110     43901     42649    182255    173617   1298542   1230657    252512    248179     15374     14922     41573     40421
2I1082  2    3458796   1768307   1690489   1444279   1372318    263621    259240     17665     17400     42742     41531    187811    180914   1267686   1202282    256221    252094     16169     15938     40420     39261
2I1082  3    3405666   1738961   1666705   1419361   1352507    260825    255899     17024     16343     41751     41956    182492    175957   1248288   1187616    253409    248774     15303     14646     39469     39712
2I1082  4    3301959   1689563   1612396   1379027   1307545    254349    250098     15937     15260     40250     39493    174615    167104   1215322   1150945    247309    243257     14287     13701     38030     37389
2I1082  5    3313174   1695475   1617699   1385956   1314217    255360    250861     15283     14713     38876     37908    177393    171018   1219389   1153597    248315    244014     13671     13198     36707     35872
2I1082  6    3141048   1606052   1534996   1316096   1250890    238136    233499     14704     14090     37116     36517    174251    167861   1152119   1092803    231332    227130     13210     12627     35140     34575
2I1082  7    3217991   1649028   1568963   1351385   1278993    244341    239099     14728     14242     38574     36629    172741    166328   1188801   1122054    237666    233029     13294     12856     36526     34696
2I1082  8    3080678   1578580   1502098   1290636   1221183    234804    230257     14508     14144     38632     36514    161482    155649   1138835   1074597    228567    224398     13141     12855     36555     34599
2I1082  9    3237220   1654283   1582937   1345830   1279356    251998    248498     15906     15671     40549     39412    165729    159487   1190231   1129724    245627    242255     14382     14198     38314     37273
2I1082 10    3422305   1751769   1670536   1427794   1353992    266407    261270     16349     15796     41219     39478    166549    158996   1271208   1204587    260121    255156     14931     14437     38960     37360
2I1082 11    3703915   1893895   1810020   1552749   1477287    282622    276359     16650     16314     41874     40060    168719    163161   1394168   1323750    276148    270232     15237     14949     39623     37928
2I1082 12    3713893   1901539   1812354   1574637   1493583    269449    264052     17191     16812     40262     37907    167590    162343   1417130   1341012    263020    257790     15741     15408     38058     35801
2I1082 13    3651252   1862974   1788278   1536293   1468036    268810    265532     16844     16426     41027     38284    158549    154954   1387298   1322482    262643    259492     15477     15064     39007     36286
2I1082 14    3576926   1827848   1749078   1510973   1436250    262022    260978     16519     15877     38334     35973    154829    150176   1365561   1295544    255832    254669     15224     14606     36402     34083
2I1082 15    3662708   1869851   1792857   1539963   1469954    275178    271539     16524     16139     38186     35225    156251    152658   1393514   1327164    268658    264922     15199     14834     36229     33279
2I1082 16    3735203   1906965   1828238   1566395   1497693    285546    279935     16771     16200     38253     34410    161351    155644   1415259   1352023    278690    273135     15425     14927     36240     32509
2I1082 17    3952704   2022918   1929786   1668054   1585256    297447    291948     18034     17032     39383     35550    171477    161748   1507417   1433891    290005    284867     16661     15715     37358     33565
2I1082 18    4116871   2096165   2020706   1739789   1669841    297094    297045     18299     17541     40983     36279    175145    164582   1575831   1516089    289421    289578     16891     16200     38877     34257
2I1082 19    4378712   2221561   2157151   1849449   1788961    307753    310012     19502     18176     44857     40002    192368    177569   1669249   1622916    299546    302226     17930     16735     42468     37705
2I1082 20    4417412   2241461   2175951   1877418   1812111    300658    306236     18600     17421     44785     40183    197903    176890   1691975   1646831    292216    298432     17021     15971     42346     37827
2I1082 21    4427348   2245808   2181540   1892657   1823524    291126    300309     17361     16719     44664     40988    199351    175281   1705805   1659850    282712    292469     15763     15298     42177     38642
2I1082 22    4335188   2191492   2143696   1856376   1794361    275311    291571     16905     16301     42900     41463    199950    175591   1668779   1630321    267060    283805     15346     14922     40357     39057
2I1082 23    4346778   2190341   2156437   1858581   1804779    272981    292188     15823     15686     42956     43784    196654    172479   1674002   1643656    264830    284512     14371     14446     40484     41344
2I1082 24    4361563   2198826   2162737   1873644   1813544    266404    288517     14972     14805     43806     45871    196777    173677   1688802   1651525    258381    280697     13533     13501     41333     43337
2I1082 25    4402860   2214213   2188647   1885342   1834249    268194    290129     14472     14370     46205     49899    192351    172905   1704718   1672826    260418    282594     13010     13021     43716     47301
2I1082 26    4256737   2135504   2121233   1820561   1774975    255754    281296     14310     15047     44879     49915    182810    167115   1648925   1618862    248219    274057     12960     13715     42590     47484
2I1082 27    4185582   2097335   2088247   1789561   1748495    247621    273388     13397     13916     46756     52448    176189    162741   1624192   1596348    240419    266518     12127     12739     44408     49901
2I1082 28    3947901   1972201   1975700   1687165   1659212    226422    252961     11841     11891     46773     51636    157581    148605   1538949   1520236    220337    246853     10773     10866     44561     49140
2I1082 29    4135169   2068148   2067021   1768069   1736220    236241    262462     13196     13403     50642     54936    161562    154413   1616070   1592101    230170    255989     12027     12264     48319     52254
2I1082 30    4022152   2005942   2016210   1721004   1694490    221616    252834     13322     13663     50000     55223    148620    145159   1581445   1558952    215925    246804     12163     12561     47789     52734
2I1082 31    3820472   1898517   1921955   1628155   1612667    208405    241156     13196     13768     48761     54364    138965    136191   1497588   1485308    203118    235654     12102     12722     46744     52080
2I1082 32    3675249   1825388   1849861   1563305   1552891    201438    230819     12817     13512     47828     52639    135825    134300   1435496   1427254    196309    225424     11882     12535     45876     50348
2I1082 33    3647823   1805223   1842600   1554878   1554419    191563    222099     11551     12334     47231     53748    125291    126011   1436982   1436560    186937    217062     10696     11487     45317     51480
2I1082 34    3713453   1843722   1869731   1596849   1586182    192472    221704     10793     11521     43608     50324    123987    124871   1480073   1469226    187826    216669      9996     10721     41840     48244
2I1082 35    3958855   1961526   1997329   1726661   1725400    182151    211838     10801     11662     41913     48429    117794    120363   1615569   1612609    177968    207157      9985     10824     40210     46376
2I1082 36    3032048   1498271   1533777   1312008   1314077    141181    169105      9898     10312     35184     40283    104714    108225   1213443   1212753    137431    164827      9113      9558     33570     38414
2I1082 37    2861673   1407296   1454377   1220063   1235124    142297    169864      9396      9831     35540     39558     97566    100267   1128370   1141335    138601    165702      8706      9161     34053     37912
2I1082 38    2795244   1374532   1420712   1203787   1220558    129341    155086      8998      9674     32406     35394     91032     95062   1117953   1131580    126101    151280      8392      9025     31054     33765
2I1082 39    3167808   1563331   1604477   1372502   1385434    146968    172185      9124      9448     34737     37410     91997     97442   1285873   1294351    143574    167993      8516      8834     33371     35857
2I1082 40    2843438   1399921   1443517   1220998   1236146    137999    163373      8870      9273     32054     34725     85666     90507   1140428   1151650    134744    159447      8284      8677     30799     33236
2I1082 41    2553728   1253669   1300059   1092369   1112425    123692    147760      8084      8330     29524     31544     79219     82430   1017886   1035290    120631    144326      7559      7798     28374     30215
2I1082 42    2432663   1195227   1237436   1040310   1057043    119375    143233      7857      8123     27685     29037     79051     81551    966066    980783    116199    139719      7355      7607     26556     27776
2I1082 43    2388949   1169499   1219450   1016387   1041992    118461    141214      7623      8119     27028     28125     76411     80362    944700    967020    115318    137550      7176      7620     25894     26898
2I1082 44    2418057   1185412   1232645   1031438   1054963    120562    143530      7159      7516     26253     26636     73598     77346    962383    982742    117577    139985      6724      7063     25130     25509
2I1082 45    2271340   1111556   1159784    963689    989288    115793    137913      6842      7057     25232     25526     69289     73446    898731    920558    112899    134673      6439      6633     24198     24474
2I1082 46    2236782   1089900   1146882    954640    984107    106094    132282      6347      6819     22819     23674     67250     71887    891377    916710    103416    129146      5973      6431     21884     22708
2I1082 47    2298973   1120417   1178556    979016   1011771    112009    135728      6574      6791     22818     24266     68989     72945    914123    943307    109178    132553      6198      6395     21929     23356
2I1082 48    2110586   1030850   1079736    909948    936864     95507    115181      5847      6014     19548     21677     61670     65185    851667    875477     93201    112531      5509      5643     18803     20900
2I1082 49    2169140   1057465   1111675    926023    957306    105287    124565      5993      6531     20162     23273     61024     65696    868634    895711    102795    121689      5634      6137     19378     22442
2I1082 50    2216439   1067126   1149313    936854    990451    105496    129588      5645      6332     19131     22942     59361     64299    880937    929950    103083    126893      5311      5984     18434     22187
2I1082 51    2216396   1069385   1147011    947859    997390     98338    122211      5271      5923     17917     21487     59565     63305    891435    937662     96123    119658      4976      5595     17286     20791
2I1082 52    2257806   1091148   1166658    968490   1016372     99852    123197      5416      5914     17390     21175     60048     64883    911659    955260     97589    120518      5093      5573     16759     20424
2I1082 53    2294875   1110718   1184157    990444   1036093     98627    121620      5232      5638     16415     20806     58779     63408    934567    976408     96607    118954      4920      5311     15845     20076
2I1082 54    2364465   1132973   1231492   1008439   1078410    103141    126702      5177      5645     16216     20735     56881     61768    954537   1020379    101017    124032      4874      5316     15664     19997
2I1082 55    2311786   1097554   1214232    975979   1065092    100815    123613      4994      5467     15766     20060     52300     58209    926595   1010412     98755    121098      4703      5157     15201     19356
2I1082 56    2275392   1075068   1200324    960435   1058793     95412    117638      4602      5014     14619     18879     49676     55699    913380   1006368     93573    115362      4345      4707     14094     18188
2I1082 57    2351124   1108988   1242136    991584   1098836     97800    119955      4684      5120     14920     18225     49715     55552    944533   1046524     95944    117683      4406      4829     14390     17548
2I1082 58    2266904   1064680   1202224    955679   1069994     90103    110479      4453      4940     14445     16811     45964     50641    912137   1022353     88434    108345      4184      4678     13961     16207
2I1082 59    2264279   1058156   1206123    948235   1071849     90825    112397      4498      4913     14598     16964     44914     48835    905680   1026102     89160    110242      4254      4627     14148     16317
2I1082 60    2275142   1060804   1214338    949385   1076675     92893    116258      4370      4766     14156     16639     42254     46635    909463   1033023     91210    114094      4147      4513     13730     16073
2I1082 61    2232707   1044288   1188419    944631   1064566     82909    104733      3908      4249     12840     14871     39159     44024    907443   1023126     81535    102849      3698      4031     12453     14389
2I1082 62    2062841    959004   1103837    865051    985152     77909    100224      3790      4117     12254     14344     35385     40882    831595    946858     76573     98405      3592      3897     11859     13795
2I1082 63    2000753    928064   1072689    840977    961301     72699     94489      3420      3772     10968     13127     32207     37459    810518    926144     71460     92833      3259      3599     10620     12654
2I1082 64    2013668    924364   1089304    838248    978801     72286     93899      3144      3697     10686     12907     29630     35998    810258    945009     71131     92294      2994      3525     10351     12478
2I1082 65    1965403    893474   1071929    806108    958444     74266     97275      3002      3521     10098     12689     27683     34177    780165    926579     73025     95600      2831      3338      9770     12235
2I1082 66    1843975    830015   1013960    749913    908366     67821     90570      2742      3255      9539     11769     24883     31632    726560    878774     66761     89092      2594      3101      9217     11361
2I1082 67    1805196    804894   1000302    725136    893843     67447     91695      2741      3400      9570     11364     24535     31688    702061    864206     66402     90205      2624      3245      9272     10958
2I1082 68    1728844    761350    967494    689199    870427     60238     83555      2544      3259      9369     10253     23420     30914    667178    841400     59322     82214      2446      3111      8984      9855
2I1082 69    1696174    734012    962162    657808    858123     64240     90634      2590      3242      9374     10163     22460     30574    636839    829544     63274     89172      2474      3103      8965      9769
2I1082 70    1598594    688136    910458    618470    815860     58774     82838      2370      2839      8522      8921     20713     27995    599157    789620     57889     81550      2253      2707      8124      8586
2I1082 71    1522204    647106    875098    586035    791010     51145     73174      2226      2690      7700      8224     20077     27391    567311    765147     50357     72088      2088      2562      7273      7910
2I1082 72    1438402    604376    834026    547069    753482     47896     70451      2001      2536      7410      7557     18774     25589    529540    729313     47188     69411      1891      2433      6983      7280
2I1082 73    1338670    553332    785338    502555    711995     42314     64168      1687      2398      6776      6777     16894     22867    486663    690436     41760     63213      1614      2288      6401      6534
2I1082 74    1287240    522498    764742    471399    692309     42708     63672      1699      2331      6692      6430     16168     21834    456291    671686     42119     62798      1625      2230      6295      6194
2I1082 75    1197857    479804    718053    433208    651357     39051     58724      1555      2115      5990      5857     15077     20191    419102    632190     38501     57966      1474      2035      5650      5671
2I1082 76    1108396    434473    673923    392104    612215     35543     54412      1435      1991      5391      5305     13856     18942    379132    594251     35017     53679      1368      1918      5100      5133
2I1082 77    1026935    393589    633346    354888    575457     32431     51067      1383      1840      4887      4982     12960     17985    342735    558359     31955     50431      1322      1765      4617      4806
2I1082 78     941342    354044    587298    319669    535010     28869     46124      1234      1637      4272      4527     11855     16344    308558    519422     28436     45573      1167      1562      4028      4397
2I1082 79     861788    318261    543527    287108    494852     26303     43083      1074      1485      3776      4107     10832     14584    276952    481037     25884     42504      1022      1423      3571      3979
2I1082 80     769582    276895    492687    249554    449331     23289     38454       920      1310      3132      3592      9110     12414    241005    437528     22939     37984       875      1261      2966      3500
2I1082 81     684875    239647    445228    219837    412306     16418     28712       749      1129      2643      3081      8434     12307    211872    400535     16155     28316       709      1087      2477      2983
2I1082 82     609235    210621    398614    193310    369139     14587     25859       616       950      2108      2666      7365     10704    186351    358897     14335     25512       583       908      1987      2593
2I1082 83     561251    189630    371621    173844    344187     13416     24182       540       798      1830      2454      5557      7972    168597    336554     13214     23920       518       765      1744      2410
2I1082 84     506217    166355    339862    151676    313714     12639     22968       471       814      1569      2366      4502      6882    147432    307170     12464     22695       454       781      1503      2334
2I1082 85     437673    139804    297869    126820    275308     10946     19928       478       681      1560      1952      3761      5917    123345    269701     10743     19680       457       648      1498      1923
2I1082 86     376580    116585    259995    106040    240876      8937     16899       384       586      1224      1634      3315      5328    103027    235796      8719     16706       368       562      1156      1603
2I1082 87     327587     99865    227722     90629    210825      8038     15034       343       546       855      1317      2924      4640     87970    206395      7849     14872       325       515       797      1300
2I1082 88     280011     84155    195856     76465    181065      6868     13215       284       503       538      1073      2603      3923     74117    177327      6667     13065       268       480       500      1061
2I1082 89     240594     70057    170537     63429    156829      5965     12353       250       434       413       921      2137      3384     61495    153622      5809     12214       228       412       388       905
2I1082 90     191882     54259    137623     49494    127156      4254      9423       187       343       324       701      1615      2733     48004    124562      4150      9324       175       319       315       685
2I1082 91     153748     42333    111415     38784    103200      3091      7311       141       269       317       635      1216      2220     37636    101087      3041      7235       132       250       308       623
2I1082 92     122283     33032     89251     30226     82479      2385      5975       119       209       302       588       939      1798     29325     80770      2364      5912       112       199       292       572
2I1082 93      95032     25189     69843     22883     64378      1931      4851       105       159       270       455       721      1405     22203     63035      1912      4805        99       154       254       444
2I1082 94      72613     18866     53747     17048     49369      1528      3863        80       130       210       385       532      1084     16546     48341      1507      3824        77       123       204       375
2I1082 95      52837     13190     39647     11833     36367      1110      2911        64        95       183       274       368       807     11483     35607      1099      2875        63        91       177       267
2I1082 96      37848      9087     28761      8093     26289       832      2198        42        72       120       202       264       577      7847     25746       826      2171        38        68       112       199
2I1082 97      26874      6336     20538      5562     18674       668      1678        29        51        77       135       175       408      5393     18291       665      1657        28        50        75       132
2I1082 98      18311      4261     14050      3672     12712       523      1223        21        32        45        83       122       296      3561     12445       517      1200        19        28        42        81
2I1082 99      12463      2776      9687      2305      8673       438       944         5        20        28        50        91       204      2225      8485       430       933         4        19        26        46
2I1082100      19173      3547     15626      2506     13390       920      2136        40        32        81        68       204       414      2333     13011       899      2109        38        29        73        63
2I 183999  233322071 113617107 119704964  97313842 101856237  13200673  14625708    777555    792803   2325037   2430216   8347183   8263646  89475009  94116043  12866559  14278344    714795    731544   2213561   2315387
2I 183  0    3653657   1868650   1785007   1528979   1452825    273281    268268     18962     18461     47428     45453    194880    186128   1346014   1278222    265420    260637     17532     17078     44804     42942
2I 183  1    3495976   1789654   1706322   1468029   1390930    260476    256244     16610     16118     44539     43030    184099    175265   1294767   1226222    253311    249203     15337     14885     42140     40747
2I 183  2    3471547   1775306   1696241   1450635   1377418    263361    258729     17888     17821     43422     42273    186663    179295   1275050   1208873    256052    251669     16494     16457     41047     39947
2I 183  3    3440349   1757664   1682685   1434498   1365291    262922    257663     17276     16517     42968     43214    186257    180251   1260008   1196466    255279    250317     15500     14757     40620     40894
2I 183  4    3319178   1696719   1622459   1381583   1313297    257295    252910     16295     15455     41546     40797    175071    167223   1217636   1156785    250118    245940     14612     13860     39282     38651
2I 183  5    3322566   1699626   1622940   1390202   1318583    255086    251263     15369     14957     38969     38137    178883    172443   1222416   1156798    247899    244295     13699     13380     36729     36024
2I 183  6    3172699   1623468   1549231   1330229   1262035    240585    236200     14903     14130     37751     36866    176270    169824   1164555   1102314    233605    229559     13347     12642     35691     34892
2I 183  7    3195783   1637161   1558622   1339004   1267996    244888    239101     14754     14329     38515     37196    174191    167771   1175148   1109884    238087    232923     13267     12850     36468     35194
2I 183  8    3104356   1590900   1513456   1302636   1232432    234597    230135     14570     14127     39097     36762    164517    158200   1148087   1083417    228154    224183     13171     12825     36971     34831
2I 183  9    3202832   1637727   1565105   1332295   1265057    248790    244916     15834     15630     40808     39502    165733    160141   1176820   1114866    242348    238639     14282     14129     38544     37330
2I 183 10    3369650   1725306   1644344   1403999   1329453    263657    259023     16397     15854     41253     40014    167287    159187   1246857   1180072    257244    252760     14961     14477     38957     37848
2I 183 11    3614643   1848448   1766195   1512598   1439332    277065    270403     16550     16202     42235     40258    167517    162046   1355204   1286911    270663    264327     15120     14814     39944     38097
2I 183 12    3759383   1923930   1835453   1589229   1509100    276104    270597     17411     16987     41186     38769    169981    164344   1429618   1354760    269487    264189     15938     15568     38906     36592
2I 183 13    3658197   1867495   1790702   1538250   1467978    270335    267053     17027     16640     41883     39031    161001    157274   1387054   1320303    264075    260940     15596     15227     39769     36958
2I 183 14    3604755   1843911   1760844   1525368   1448816    262517    259368     16682     16091     39344     36569    156368    151707   1378578   1306715    256249    253012     15356     14786     37360     34624
2I 183 15    3631302   1853502   1777800   1525120   1455317    273088    270435     16608     16024     38686     36024    156922    152778   1378069   1312520    266554    263762     15263     14697     36694     34043
2I 183 16    3716402   1896477   1819925   1559600   1492094    281906    276991     16625     16283     38346     34557    161344    155949   1408599   1346232    274967    270144     15262     14981     36305     32619
2I 183 17    3884552   1990467   1894085   1637817   1552737    295105    288826     17840     16694     39705     35828    171210    161145   1477574   1402035    287655    281712     16431     15376     37597     33817
2I 183 18    4097544   2083173   2014371   1726046   1661411    297463    298472     18344     17603     41320     36885    175876    165307   1561504   1507141    289659    290893     16933     16233     39201     34797
2I 183 19    4357882   2213026   2144856   1840963   1777523    307201    308839     19544     18279     45318     40215    192690    177610   1660786   1611661    298782    300853     17922     16837     42846     37895
2I 183 20    4402773   2234376   2168397   1869133   1804086    300823    305984     19021     17627     45399     40700    200446    179843   1681407   1636123    292226    298048     17405     16125     42892     38258
2I 183 21    4415713   2241342   2174371   1886285   1815556    292049    300529     17521     16773     45487     41513    201838    176325   1697371   1651069    283381    292517     15865     15344     42887     39116
2I 183 22    4345397   2198936   2146461   1862840   1796529    275491    291685     16972     16486     43633     41761    202747    177748   1672730   1630689    267016    283718     15380     15024     41063     39282
2I 183 23    4341075   2187783   2153292   1856176   1801519    272245    291675     16123     15823     43239     44275    201376    175680   1667383   1637552    263833    283779     14587     14543     40604     41738
2I 183 24    4363436   2199960   2163476   1871416   1811419    268709    290540     15178     15201     44657     46316    199461    175020   1684283   1648297    260334    282523     13739     13895     42143     43741
2I 183 25    4416176   2221828   2194348   1891784   1838581    268801    290977     14525     14320     46718     50470    196739    175565   1707148   1674854    260845    283211     12996     12941     44100     47777
2I 183 26    4292342   2155489   2136853   1836459   1788015    258864    283321     14222     14778     45944     50739    186278    169498   1661725   1629844    251053    275871     12858     13431     43575     48209
2I 183 27    4196949   2101533   2095416   1791771   1753245    249062    275078     13995     14769     46705     52324    179257    165271   1623681   1598959    241621    267934     12638     13493     44336     49759
2I 183 28    3982558   1990962   1991596   1701928   1670965    229625    256180     11834     11839     47575     52612    161639    151440   1550129   1529319    223197    249946     10729     10813     45268     50078
2I 183 29    4161940   2083622   2078318   1779367   1743180    239545    265715     13154     13322     51556     56101    164036    156172   1625114   1597562    233302    259066     11968     12168     49202     53350
2I 183 30    4051486   2019587   2031899   1731198   1706616    223493    255002     13480     13845     51416     56436    152135    148195   1588417   1568410    217643    248787     12285     12683     49107     53824
2I 183 31    3859430   1918944   1940486   1647042   1630904    209243    241284     13134     13581     49525     54717    140309    137612   1515372   1502288    203837    235653     12002     12534     47424     52399
2I 183 32    3683650   1830282   1853368   1565558   1552858    203166    233195     13262     14033     48296     53282    137537    135469   1436293   1426291    197866    227678     12265     12986     46321     50944
2I 183 33    3652025   1807625   1844400   1554628   1552722    193031    224248     11686     12483     48280     54947    128006    128412   1434212   1432652    188267    219093     10815     11617     46325     52626
2I 183 34    3725275   1850411   1874864   1598403   1586818    196182    225079     10916     11636     44910     51331    125119    125639   1480728   1469320    191383    219903     10093     10809     43088     49193
2I 183 35    3832524   1897401   1935123   1664437   1665003    180075    209625     10982     11935     41907     48560    119444    121902   1551866   1550830    175745    204807     10156     11089     40190     46495
2I 183 36    3368115   1666401   1701714   1465805   1466030    152676    181785     10230     10791     37690     43108    108673    112187   1363526   1361032    148789    177389      9412      9987     36001     41119
2I 183 37    2835187   1394017   1441170   1207126   1222280    141413    168882      9387      9674     36091     40334     98095    101201   1115028   1127700    137660    164617      8666      8991     34568     38661
2I 183 38    2795563   1374713   1420850   1201777   1217133    130477    157144      9152      9891     33307     36682     92811     96075   1114343   1127249    127149    153305      8514      9218     31896     35003
2I 183 39    3103673   1531238   1572435   1339334   1352062    147334    172625      9246      9567     35324     38181     92858     98408   1252029   1260205    143803    168334      8621      8927     33927     36561
2I 183 40    2965477   1461002   1504475   1280151   1295324    139045    164199      9059      9484     32747     35468     87642     92890   1197706   1208603    135768    160155      8441      8871     31445     33956
2I 183 41    2593441   1272898   1320543   1108421   1129408    126125    150228      8198      8537     30154     32370     79769     83251   1033495   1051629    122979    146700      7666      7977     28989     30986
2I 183 42    2452586   1205099   1247487   1049273   1065636    119467    143850      7992      8134     28367     29867     79326     81876    974788    989102    116328    140315      7457      7613     27200     28581
2I 183 43    2379703   1165137   1214566   1011146   1036272    118908    141423      7727      8307     27356     28564     77798     81422    938186    960339    115656    137716      7269      7787     26228     27302
2I 183 44    2441474   1197026   1244448   1041752   1065312    121263    144385      7252      7606     26759     27145     74106     77992    972312    992601    118208    140741      6803      7136     25597     25978
2I 183 45    2297354   1124815   1172539    974417    999370    117636    139877      6967      7183     25795     26109     70663     74675    908170    929588    114713    136502      6547      6746     24722     25028
2I 183 46    2227684   1085883   1141801    950969    979804    105317    131229      6452      6857     23145     23911     67437     72008    887626    912298    102568    128119      6068      6453     22184     22923
2I 183 47    2297743   1119312   1178431    976954   1010978    112413    136033      6567      6915     23378     24505     68843     73107    912311    942509    109532    132738      6185      6520     22441     23557
2I 183 48    2144443   1047432   1097011    925872    952768     95686    116233      5969      6069     19905     21941     63441     66785    865917    889825     93304    113563      5623      5688     19147     21150
2I 183 49    2157956   1053007   1104949    920734    950809    105562    124040      6067      6545     20644     23555     61340     65753    863064    889246    103059    121104      5700      6141     19844     22705
2I 183 50    2199410   1059652   1139758    929176    981139    105362    128980      5739      6442     19375     23197     59394     64963    873370    920124    102858    126198      5387      6073     18643     22400
2I 183 51    2197398   1060517   1136881    938748    987138     98266    122061      5300      5936     18203     21746     59149     62525    882743    928132     96048    119549      5004      5613     17573     21062
2I 183 52    2251636   1085913   1165723    963099   1014999     99803    123259      5384      5983     17627     21482     60037     65014    906346    953828     97491    120528      5064      5633     16975     20720
2I 183 53    2289412   1110339   1179073    989851   1031071     98541    121358      5295      5677     16652     20967     59602     64083    933234    970721     96464    118696      4969      5345     16070     20228
2I 183 54    2345917   1123995   1221922    999242   1068558    103083    126511      5217      5713     16453     21140     57329     62503    944952   1009920    100919    123750      4906      5370     15889     20379
2I 183 55    2322023   1104757   1217266    982795   1067782    100965    123647      5049      5528     15948     20309     53326     58817    932444   1012539     98867    121105      4748      5214     15372     19591
2I 183 56    2274184   1074539   1199645    959559   1057446     95588    117886      4621      5093     14771     19220     49835     56240    912404   1004547     93700    115550      4356      4784     14244     18524
2I 183 57    2329184   1098432   1230752    980865   1086915     97832    120114      4719      5048     15016     18675     50036     55743    933507   1034496     95970    117804      4449      4746     14470     17963
2I 183 58    2271767   1066977   1204790    958125   1072469     89901    110295      4462      4996     14489     17030     46193     51718    914437   1023786     88182    108150      4179      4724     13986     16412
2I 183 59    2278182   1064964   1213218    954556   1078162     91046    112721      4528      4967     14834     17368     45697     49404    911259   1031889     89362    110526      4274      4682     14372     16717
2I 183 60    2246729   1046137   1200592    934257   1062263     93036    116564      4421      4835     14423     16930     42409     46934    894256   1018420     91302    114373      4189      4559     13981     16306
2I 183 61    2253264   1053336   1199928    953024   1075117     83201    105253      3974      4313     13137     15245     40154     44702    914901   1033036     81789    103321      3762      4102     12730     14767
2I 183 62    2084555    970163   1114392    875431    994705     78364    100903      3815      4158     12553     14626     35546     41285    841808    956022     77035     99077      3611      3927     12163     14081
2I 183 63    2010932    933605   1077327    845802    964891     73026     95078      3507      3838     11270     13520     33644     38679    813991    928619     71739     93360      3335      3658     10896     13011
2I 183 64    2006222    920433   1085789    833675    974382     72664     94498      3196      3754     10898     13155     29539     36059    805781    940560     71504     92870      3048      3580     10561     12720
2I 183 65    1982781    903045   1079736    815475    965955     74295     97384      3039      3560     10236     12837     28569     34961    788657    933340     73036     95686      2871      3373      9912     12376
2I 183 66    1852292    833050   1019242    752781    913460     67820     90541      2752      3288      9697     11953     24927     31914    729441    883656     66726     89023      2595      3127      9361     11522
2I 183 67    1804907    805670    999237    725576    892282     67663     91914      2787      3337      9644     11704     24488     31505    702538    862800     66628     90436      2657      3187      9359     11309
2I 183 68    1731733    762546    969187    690317    871913     60244     83635      2560      3317      9425     10322     23452     31045    668290    842786     59287     82280      2467      3163      9050      9913
2I 183 69    1701381    736256    965125    660036    860791     64042     90614      2593      3269      9585     10451     22651     30804    638878    832025     63088     89126      2473      3124      9166     10046
2I 183 70    1605472    690954    914518    621020    819207     58927     83255      2396      2907      8611      9149     20848     28388    601579    792591     58025     81956      2281      2773      8221      8810
2I 183 71    1530217    650533    879684    589107    794767     51335     73775      2221      2727      7870      8415     20028     27345    570411    769031     50554     72626      2091      2592      7449      8090
2I 183 72    1444552    606985    837567    549434    756392     48033     70859      2083      2548      7435      7768     19046     26164    531703    731630     47286     69847      1957      2445      6993      7481
2I 183 73    1346162    556576    789586    505565    715484     42435     64667      1699      2442      6877      6993     17124     23258    489448    693584     41875     63675      1625      2329      6504      6740
2I 183 74    1294932    525722    769210    474456    696210     42795     64052      1710      2379      6761      6569     16209     22128    459316    675344     42194     63138      1635      2274      6368      6326
2I 183 75    1205559    482948    722611    436040    655336     39226     59135      1572      2153      6110      5987     15229     20411    421789    635971     38670     58383      1492      2065      5768      5781
2I 183 76    1115435    437290    678145    394643    616002     35697     54720      1460      2014      5490      5409     13874     19126    381685    597866     35163     53967      1387      1943      5181      5243
2I 183 77    1034153    396467    637686    357491    579320     32604     51439      1379      1886      4993      5041     13105     18122    345201    562122     32114     50775      1325      1809      4722      4858
2I 183 78     948064    356660    591404    322055    538738     28999     46378      1251      1662      4355      4626     11957     16678    310869    522828     28558     45825      1179      1587      4097      4486
2I 183 79     868047    320447    547600    288957    498391     26550     43545      1092      1511      3848      4153     10931     14856    278705    484300     26129     42973      1036      1449      3646      4022
2I 183 80     774291    278454    495837    250944    452086     23393     38764       937      1327      3180      3660      9355     12755    242180    439997     23018     38260       891      1274      3010      3551
2I 183 81     689671    241301    448370    221249    415008     16608     29115       759      1131      2685      3116      8194     11796    213511    403706     16355     28746       720      1092      2521      3030
2I 183 82     613916    212156    401760    194635    371837     14743     26242       623       984      2155      2697      7764     11516    187302    360849     14475     25847       588       940      2027      2608
2I 183 83     564803    190635    374168    174789    346415     13431     24450       547       813      1868      2490      5781      8272    169330    338482     13223     24192       523       781      1778      2441
2I 183 84     509522    167384    342138    152563    315664     12725     23260       487       822      1609      2392      4649      7051    148202    308961     12534     22982       466       783      1533      2361
2I 183 85     440765    140755    300010    127609    277166     11050     20173       492       698      1604      1973      3794      5965    124083    271517     10860     19921       471       665      1547      1942
2I 183 86     379099    117278    261821    106625    242502      9005     17065       394       595      1254      1659      3309      5324    103627    237433      8773     16862       381       570      1188      1632
2I 183 87     327542     99176    228366     89993    211529      7925     14964       345       540       913      1333      2895      4712     87360    207021      7742     14810       324       508       855      1315
2I 183 88     280983     84232    196751     76434    181892      6944     13262       291       508       563      1089      2632      3958     74069    178124      6740     13108       274       485       517      1076
2I 183 89     242961     70573    172388     63755    158384      6149     12622       254       447       415       935      2162      3416     61806    155145      5983     12486       234       423       388       918
2I 183 90     193508     54586    138922     49758    128324      4324      9561       189       343       315       694      1648      2766     48244    125701      4213      9453       175       320       306       682
2I 183 91     155445     42640    112805     39058    104455      3135      7430       141       271       306       649      1238      2253     37895    102309      3079      7351       133       257       295       635
2I 183 92     123974     33410     90564     30586     83685      2418      6077       116       212       290       590       946      1814     29674     81954      2399      6016       110       203       281       577
2I 183 93      96856     25642     71214     23306     65633      1956      4947       106       165       274       469       737      1446     22612     64254      1936      4897        99       160       258       457
2I 183 94      73984     19164     54820     17325     50346      1537      3939        82       134       220       401       543      1105     16810     49298      1519      3901        79       126       213       390
2I 183 95      53904     13456     40448     12076     37093      1119      2963        76        99       185       293       381       823     11720     36319      1104      2926        74        94       177       286
2I 183 96      38717      9307     29410      8297     26890       844      2230        37        76       129       214       277       589      8040     26333       838      2207        32        72       120       209
2I 183 97      27608      6504     21104      5716     19187       677      1720        32        55        79       142       178       427      5545     18790       674      1696        32        53        75       138
2I 183 98      18829      4369     14460      3786     13089       523      1242        19        36        41        93       126       301      3671     12821       518      1217        17        31        37        90
2I 183 99      12917      2885     10032      2403      9001       441       962         6        20        35        49        90       224      2325      8796       434       951         4        18        32        43
2I 183100      19873      3621     16252      2541     13939       935      2193        42        33       103        87       227       450      2356     13538       906      2153        40        30        92        81
