2I 485999  237899650 115930719 121968931  98813614 103254528  13570210  15035304    844232    860859   2702663   2818240   9191216   9004846  90246390  94880849  13166164  14624162    764842    784576   2562107   2674498
2I 485  0    3637866   1860701   1777165   1518789   1442437    272165    267140     19198     19089     50549     48499    202831    194280   1330164   1261885    262958    258265     17367     17287     47381     45448
2I 485  1    3493384   1788312   1705072   1458382   1381974    260386    256095     18980     18315     50564     48688    193207    184232   1278486   1210641    251782    247701     17281     16671     47556     45827
2I 485  2    3554416   1817475   1736941   1478730   1406189    267509    260862     19605     18994     51631     50896    198273    189775   1293951   1229385    258702    252449     17916     17328     48633     48004
2I 485  3    3542071   1810909   1731162   1475401   1402055    266569    261235     18236     17901     50703     49971    193710    185639   1294526   1228968    258215    253113     16642     16305     47816     47137
2I 485  4    3562653   1822584   1740069   1481635   1405667    272607    267412     18079     17390     50263     49600    190476    182174   1303484   1235577    264602    259528     16575     15940     47447     46850
2I 485  5    3492457   1784990   1707467   1447862   1376687    271187    266025     18227     17775     47714     46980    200563    195059   1261335   1195191    262244    257421     15989     15606     44859     44190
2I 485  6    3353200   1715215   1637985   1393831   1323488    259797    254472     17059     16255     44528     43770    188978    181143   1218129   1155058    251370    246382     14926     14240     41812     41162
2I 485  7    3350591   1714545   1636046   1399015   1326715    255950    251738     16054     15638     43526     41955    189513    183132   1222630   1156188    247693    243732     13934     13629     40775     39365
2I 485  8    3144730   1610816   1533914   1312369   1242028    240965    236567     15724     14832     41758     40487    181585    174306   1143302   1079595    232978    228981     13749     12951     39202     38081
2I 485  9    3231245   1655629   1575616   1345146   1272466    250338    244611     16321     16042     43824     42497    186521    179608   1171262   1104773    242272    237314     14301     14007     41273     39914
2I 485 10    3289416   1689076   1600340   1375437   1296750    251744    245117     16296     15629     45599     42844    177493    169116   1209749   1138437    244187    238206     14716     14162     42931     40419
2I 485 11    3187054   1631417   1555637   1321663   1253502    248071    242576     16331     16091     45352     43468    168645    162804   1164387   1101498    240954    235852     14751     14553     42680     40930
2I 485 12    3287126   1680232   1606894   1358165   1291184    257831    253721     17390     16925     46846     45064    168920    161749   1200552   1140597    250862    246774     15749     15324     44149     42450
2I 485 13    3542933   1810088   1732845   1472578   1403048    271141    266262     18125     17614     48244     45921    171743    166391   1312339   1247719    264144    259492     16413     15962     45449     43281
2I 485 14    3826588   1959990   1866598   1604710   1521547    288093    281828     18591     17930     48596     45293    178548    171841   1438359   1361503    280543    274343     16797     16270     45743     42641
2I 485 15    3747470   1917326   1830144   1574149   1497064    277142    271262     18126     17612     47909     44206    174225    168153   1411718   1340527    269816    264021     16345     15841     45222     41602
2I 485 16    3660153   1873991   1786162   1543016   1465285    268185    262663     17323     16557     45467     41657    171407    162517   1383068   1313943    260729    255436     15717     15001     43070     39265
2I 485 17    3641927   1868163   1773764   1531607   1447398    274091    268939     17308     16142     45157     41285    176656    164026   1367168   1294876    266029    261324     15675     14653     42635     38885
2I 485 18    3702130   1884561   1817569   1549023   1487205    273919    273812     16947     16353     44672     40199    177917    164659   1383866   1334758    265459    265588     15283     14846     42036     37718
2I 485 19    4019900   2045150   1974750   1677150   1612553    298577    299485     19035     17455     50388     45257    198191    180054   1493528   1445902    288946    290480     17158     15847     47327     42467
2I 485 20    4246103   2162120   2083983   1789651   1714359    301630    305341     19694     18362     51145     45921    209916    187295   1595074   1541134    291231    295931     17815     16670     48084     42953
2I 485 21    4280613   2182907   2097706   1817971   1735844    293030    297075     19457     17908     52449     46879    218366    190312   1615500   1559591    282601    287653     17361     16259     49079     43891
2I 485 22    4255982   2162874   2093108   1812537   1737936    279877    290408     19028     17633     51432     47131    224145    194050   1604022   1558005    269671    281223     16987     15836     48049     43994
2I 485 23    4326884   2191022   2135862   1846709   1777558    275936    292601     17612     17082     50765     48621    228439    193159   1634190   1598763    265470    283123     15575     15358     47348     45459
2I 485 24    4430542   2240098   2190444   1896432   1824309    274666    297051     16943     17001     52057     52083    232446    197210   1680010   1642040    263979    287232     14992     15193     48671     48769
2I 485 25    4409217   2225709   2183508   1883503   1817615    273229    294267     16466     16245     52511     55381    227934    193714   1671529   1638292    262822    284823     14490     14670     48934     52009
2I 485 26    4375150   2200526   2174624   1867308   1811863    266142    291071     15112     15610     51964     56080    215715    187076   1666454   1638804    256130    281815     13439     14061     48788     52868
2I 485 27    4432108   2228161   2203947   1891686   1838932    267163    290965     14590     14670     54722     59380    210214    186200   1695974   1666843    257676    281781     12779     13089     51518     56034
2I 485 28    4142998   2079868   2063130   1766950   1720788    246434    271146     14182     14562     52302     56634    188793    172108   1591169   1561264    237805    263053     12624     13043     49477     53662
2I 485 29    4400665   2207016   2193649   1867900   1821372    265064    292186     15505     16353     58547     63738    197290    181516   1684398   1653102    256052    283674     13751     14774     55525     60583
2I 485 30    4261440   2131820   2129620   1810771   1773182    247577    278067     13458     13594     60014     64777    180216    169137   1643036   1616328    239495    270345     11999     12227     57074     61583
2I 485 31    4047107   2015938   2031169   1718345   1699018    225683    255223     13605     13856     58305     63072    163311    157262   1566004   1553450    218838    248087     12167     12473     55618     59897
2I 485 32    3981011   1981542   1999469   1694523   1676517    215335    247194     14160     14644     57524     61114    155726    151685   1549417   1536008    208756    240358     12800     13290     54843     58128
2I 485 33    3870440   1920457   1949983   1645245   1635538    207055    240483     13620     14296     54537     59666    145545    142769   1509778   1503088    200845    234078     12292     13097     51997     56951
2I 485 34    3797690   1890815   1906875   1612793   1590147    211827    243627     13327     14226     52868     58875    145503    141692   1477132   1458803    205433    237157     12156     13016     50591     56207
2I 485 35    3717616   1844293   1873323   1578387   1569188    201754    232329     12665     13811     51487     57995    135999    135922   1451410   1443035    195968    226192     11607     12721     49309     55453
2I 485 36    3613712   1785918   1827794   1540526   1542022    185534    217910     11845     12957     48013     54905    124764    126376   1424222   1424670    180176    212253     10819     11966     45937     52529
2I 485 37    3708480   1828751   1879729   1591570   1602497    179380    210982     11323     12362     46478     53888    121712    124511   1477908   1486652    174285    205523     10370     11408     44476     51635
2I 485 38    3549223   1752315   1796908   1545838   1554349    154997    184274     10242     10884     41238     47401    110788    114263   1442120   1448097    150716    179488      9335      9947     39356     45113
2I 485 39    2910324   1436777   1473547   1238584   1245057    146589    172046     10094     10090     41510     46354    105593    108582   1140357   1144479    142062    166950      9167      9254     39598     44282
2I 485 40    2945135   1449816   1495319   1255355   1269041    144352    171463     10554     11218     39555     43597    100354    103149   1161887   1173513    140097    166733      9666     10346     37812     41578
2I 485 41    2919712   1435235   1484477   1253839   1274518    135369    160106      9650     10223     36377     39630     91887     97559   1168067   1184008    131517    155601      8913      9451     34851     37858
2I 485 42    2964712   1460729   1503983   1283636   1299103    133680    157940      9265      9752     34148     37188     88053     93390   1201222   1212379    130158    153591      8560      9047     32736     35576
2I 485 43    2641584   1294206   1347378   1121505   1146774    130339    154833      9062      9559     33300     36212     83837     88039   1043397   1065314    126600    150521      8414      8884     31958     34620
2I 485 44    2532572   1244667   1287905   1079399   1097698    125770    149036      8122      8494     31376     32677     82133     84395   1002821   1019401    122165    145009      7510      7901     30038     31199
2I 485 45    2396084   1174839   1221245   1014145   1036573    123178    145641      7683      8110     29833     30921     79031     82506    940509    960150    119571    141566      7168      7515     28560     29508
2I 485 46    2390781   1169371   1221410   1019087   1044248    114720    140822      7482      7793     28082     28547     74622     78657    949603    971367    111427    136875      6945      7253     26774     27258
2I 485 47    2361453   1153061   1208392    998524   1028824    118553    143015      7589      7809     28395     28744     74407     78542    929354    955946    115102    139152      7079      7280     27119     27472
2I 485 48    2129752   1039795   1089957    910983    939331     97789    119129      6487      6781     24536     24716     65506     69993    849803    873989     94975    115987      6060      6327     23451     23661
2I 485 49    2283056   1115297   1167759    970275    999730    112140    133738      6819      7306     26063     26985     69592     73957    905296    930918    109060    130171      6375      6827     24974     25886
2I 485 50    2281436   1106851   1174585    971269   1012572    105495    129346      6605      6852     23482     25815     66980     71775    908554    945458    102602    126149      6132      6364     22583     24839
2I 485 51    2059516   1000058   1059458    874828    911604     97980    117183      6012      6483     21238     24188     59803     64713    818865    851326     95373    114146      5595      6036     20422     23237
2I 485 52    2100150   1013851   1086299    889955    935574     98163    120347      5722      6412     20011     23966     57764     63281    835935    876442     95592    117485      5315      5999     19245     23092
2I 485 53    2181704   1051816   1129888    929059    978685     98081    121711      5490      6179     19186     23313     59690     63387    872893    919242     95612    118912      5146      5806     18475     22541
2I 485 54    2283222   1095349   1187873    968314   1031658    102401    125950      5570      6323     19064     23942     61526     67172    910585    968891     99706    122916      5201      5882     18331     23012
2I 485 55    2237627   1076618   1161009    952210   1009440    100530    122542      5553      6070     18325     22957     58899     64752    896852    948922     98100    119622      5160      5676     17607     22037
2I 485 56    2252578   1072829   1179749    955434   1033168     95526    118768      5014      5668     16855     22145     55869     61981    902721    975251     93349    115933      4681      5286     16209     21298
2I 485 57    2344278   1114742   1229536    994147   1081084     98741    121156      5045      5519     16809     21777     54978     60659    942426   1024364     96487    118393      4708      5168     16143     20952
2I 485 58    2172031   1020205   1151826    911415   1017158     88685    109498      4693      5039     15412     20131     47944     55442    866412    965435     86676    106949      4373      4684     14800     19316
2I 485 59    2241026   1048797   1192229    936536   1052408     91293    113841      4863      5088     16105     20892     49025     55552    890464   1000465     89300    111435      4541      4723     15467     20054
2I 485 60    2289655   1063478   1226177    950857   1084405     92068    116644      4585      5345     15968     19783     46499     53187    907277   1034687     90078    114250      4255      5013     15369     19040
2I 485 61    2206219   1025892   1180327    921616   1048680     84498    108408      4430      4881     15348     18358     44727     48926    879417   1003025     82769    106137      4139      4574     14840     17665
2I 485 62    2094391    968766   1125625    867268    996383     81878    106604      4396      4765     15224     17873     40532     45851    829135    953690     80253    104490      4133      4441     14713     17153
2I 485 63    2195048   1022006   1173042    927489   1051386     76567    100658      3995      4404     13955     16594     39560     44388    890049   1009763     75127     98669      3768      4183     13502     16039
2I 485 64    2126107    981452   1144655    887429   1022529     76613    101266      3799      4403     13611     16457     36106     43091    853340    982337     75239     99219      3572      4150     13195     15858
2I 485 65    1996755    910995   1085760    819459    965511     75430    100683      3609      4023     12497     15543     33976     40380    787550    928037     73990     98632      3409      3797     12070     14914
2I 485 66    1900790    859069   1041721    776009    932043     68858     92187      3043      3695     11159     13796     28454     35594    749310    898857     67622     90476      2887      3506     10796     13288
2I 485 67    1915469    861152   1054317    779187    945246     68228     92146      2908      3502     10829     13423     27735     35192    753203    912374     66999     90481      2727      3319     10488     12951
2I 485 68    1760556    776016    984540    701164    883973     61714     84814      2778      3325     10360     12428     23627     31549    679215    854572     60595     83334      2590      3133      9989     11952
2I 485 69    1720656    748856    971800    671559    865678     64300     90296      2775      3351     10222     12475     23140     31264    650034    836578     63156     88730      2624      3193      9902     12035
2I 485 70    1645306    707398    937908    636632    839121     58703     84670      2409      3249      9654     10868     21700     29925    616388    811204     57704     83242      2311      3074      9295     10463
2I 485 71    1582580    672887    909693    609789    819643     51704     76560      2322      3158      9072     10332     21311     29759    589850    791824     50879     75203      2198      2992      8649      9915
2I 485 72    1492389    626965    865424    567651    779169     48672     73910      2230      2899      8412      9446     19582     27874    549417    753065     47852     72651      2110      2756      8004      9078
2I 485 73    1410472    585156    825316    531785    745536     43697     68525      2020      2708      7654      8547     18456     26268    514546    720913     42974     67375      1901      2560      7279      8200
2I 485 74    1361842    554577    807265    502258    729560     43019     66889      1948      2632      7352      8184     18158     26086    485409    704933     42270     65864      1831      2508      6909      7874
2I 485 75    1273223    511463    761760    462622    688820     40371     63096      1638      2466      6832      7378     16333     23218    447347    667003     39765     62080      1539      2351      6479      7108
2I 485 76    1173752    461464    712288    417036    645872     36739     57778      1558      2307      6131      6331     14594     21081    403436    626009     36135     56910      1473      2190      5826      6098
2I 485 77    1093680    419671    674009    378536    611483     33806     54536      1509      2178      5820      5812     13814     19750    365679    592822     33262     53773      1438      2072      5478      5592
2I 485 78    1005242    378680    626562    342561    571088     29700     48341      1300      1926      5119      5207     12671     18232    330763    553840     29192     47607      1231      1853      4823      5030
2I 485 79     926088    340942    585146    306932    531437     28205     47255      1138      1787      4667      4667     11778     16996    295930    515382     27736     46576      1082      1709      4416      4483
2I 485 80     823276    295482    527794    266385    480947     24289     41204      1050      1505      3758      4138     10255     15195    256827    466480     23882     40698       979      1432      3539      3989
2I 485 81     734967    256606    478361    234650    441290     18034     32309       854      1255      3068      3507      9089     13367    226113    428541     17712     31868       807      1206      2885      3379
2I 485 82     655919    225108    430811    205733    396977     16193     29632       704      1116      2478      3086      8061     11683    198140    385900     15888     29188       667      1064      2352      2976
2I 485 83     596816    199801    397015    182553    365953     14466     27392       586       978      2196      2692      6962     10313    175996    356112     14225     27048       554       939      2064      2603
2I 485 84     538032    175194    362838    159576    333640     13106     25635       568       974      1944      2589      6674     10831    153320    323339     12846     25224       514       929      1840      2515
2I 485 85     470072    149235    320837    135458    295709     11370     22076       527       767      1880      2285      4988      7696    130802    288375     11144     21813       510       736      1791      2217
2I 485 86     403647    124884    278763    113414    257666      9585     18603       444       684      1441      1810      3768      5883    109943    252079      9377     18372       425       647      1371      1782
2I 485 87     343585    102634    240951     92908    222771      8134     16054       404       610      1188      1516      2915      4897     90244    218139      7972     15844       378       574      1125      1497
2I 485 88     283228     81160    202068     73545    187128      6350     13195       328       497       937      1248      2550      4243     71271    183105      6135     13025       315       463       889      1232
2I 485 89     248089     67926    180163     60649    165336      6313     13342       302       451       662      1034      2197      3735     58693    161766      6148     13215       276       426       612      1021
2I 485 90     199791     54717    145074     49320    133933      4839     10103       222       366       336       672      1762      2951     47739    131134      4709      9990       205       343       302       656
2I 485 91     162624     42936    119688     39238    110790      3347      7976       126       289       225       633      1361      2472     37984    108451      3266      7878       118       272       207       615
2I 485 92     133496     34827     98669     31949     90969      2592      6933       108       227       178       540      1091      2056     30920     89021      2545      6853        99       214       172       525
2I 485 93     109083     28369     80714     25843     74152      2248      5894        91       181       187       487       855      1682     25042     72562      2217      5833        84       174       171       463
2I 485 94      85030     21513     63517     19513     58162      1732      4683        81       180       187       492       635      1317     18906     56908      1716      4645        76       171       180       476
2I 485 95      59924     14111     45813     12708     42011      1081      3284        77       116       245       402       442       982     12289     41085      1070      3241        74       111       236       394
2I 485 96      42901      9848     33053      8753     30249       839      2426        52        86       204       292       318       705      8452     29582       831      2401        50        80       197       285
2I 485 97      32046      7566     24480      6542     22232       773      1966        69        65       182       217       221       527      6332     21739       770      1947        67        61       176       206
2I 485 98      22760      5368     17392      4691     15735       593      1458        27        59        57       140       157       388      4547     15390       588      1428        25        53        51       133
2I 485 99      17283      4171     13112      3659     11746       506      1236         3        38         3        92       140       300      3529     11478       502      1210         0        36         0        88
2I 485100      23837      4149     19688      2886     17045      1096      2504        56        48       111        91       305       614      2633     16498      1059      2455        50        41       102        80
2I 785999  238466283 116217185 122249098  99003838 103432028  13611711  15081418    852136    868793   2749500   2866859   9293809   9094179  90348753  94982544  13198947  14662470    770572    790574   2605104   2719331
2I 785  0    3678641   1882257   1796384   1535482   1456500    275582    270890     19546     19387     51647     49607    207989    198976   1342290   1271804    266024    261674     17617     17501     48337     46429
2I 785  1    3476794   1779251   1697543   1450421   1376437    259443    254160     18801     18244     50586     48702    193530    184834   1270424   1204713    250705    245659     17065     16550     47527     45787
2I 785  2    3551533   1817388   1734145   1477936   1402846    267348    260811     19795     19121     52309     51367    199044    190107   1292683   1225956    258381    252266     18053     17405     49227     48411
2I 785  3    3566160   1822821   1743339   1483923   1410704    268704    263437     18771     18404     51423     50794    196780    188740   1300397   1234947    260078    255038     17113     16743     48453     47871
2I 785  4    3568493   1825241   1743252   1484329   1408895    271701    266368     18115     17569     51096     50420    193257    185008   1303758   1236346    263490    258281     16546     16043     48190     47574
2I 785  5    3517699   1798198   1719501   1458260   1385625    272615    267935     18273     17737     49050     48204    199217    192892   1272769   1206020    263871    259486     16172     15710     46169     45393
2I 785  6    3398444   1737754   1660690   1411883   1341605    262685    257674     17338     16444     45848     44967    193037    185688   1232569   1169029    253988    249361     15116     14344     43044     42268
2I 785  7    3333327   1705710   1627617   1389876   1318381    255083    250513     16298     15829     44453     42894    189358    182684   1213896   1148575    246711    242383     14119     13756     41626     40219
2I 785  8    3197941   1639115   1558826   1334545   1261564    246435    241033     15862     15093     42273     41136    183474    176141   1163955   1097630    238266    233268     13799     13133     39621     38654
2I 785  9    3217446   1647363   1570083   1338022   1267162    248420    243793     16608     16162     44313     42966    189048    182060   1162018   1097460    240129    236214     14494     14050     41674     40299
2I 785 10    3305864   1697509   1608355   1381164   1302215    254324    247467     16335     15700     45686     42973    179454    170944   1213738   1142308    246595    240445     14716     14175     43006     40483
2I 785 11    3186466   1632011   1554455   1323747   1254139    246244    240416     16267     16003     45753     43897    170448    164396   1164894   1100628    238968    233633     14679     14470     43022     41328
2I 785 12    3261127   1667123   1594004   1345769   1279397    256407    252399     17444     16980     47503     45228    169461    162592   1187804   1128167    249329    245332     15777     15356     44752     42557
2I 785 13    3474591   1775476   1699115   1440864   1371845    267696    263092     17993     17484     48923     46694    170781    164956   1281661   1218035    260676    256284     16273     15819     46085     44021
2I 785 14    3799385   1946450   1852935   1589123   1506094    289080    282553     18684     18032     49563     46256    178834    172160   1422634   1345872    281499    275024     16856     16341     46627     43538
2I 785 15    3757404   1923034   1834370   1582562   1504417    273763    267365     18452     17865     48257     44723    178190    171412   1416593   1344986    266198    259901     16606     16052     45447     42019
2I 785 16    3682274   1884280   1797994   1546582   1470535    273023    267442     17463     16770     47212     43247    173693    164746   1384635   1317169    265445    260157     15792     15152     44715     40770
2I 785 17    3650207   1872948   1777259   1535362   1450599    273707    267994     17435     16200     46444     42466    178376    165035   1369335   1297206    265591    260332     15774     14684     43872     40002
2I 785 18    3686113   1877493   1808620   1543276   1479592    271640    271704     16948     16280     45629     41044    178804    164857   1377422   1327112    263075    263412     15256     14745     42936     38494
2I 785 19    3986680   2027538   1959142   1661183   1597856    296221    297656     18792     17341     51342     46289    198619    180285   1477344   1431162    286488    288540     16874     15714     48213     43441
2I 785 20    4185204   2132021   2053183   1762216   1686409    298578    302147     19572     18148     51655     46479    210996    187461   1566826   1513191    288032    292649     17668     16439     48499     43443
2I 785 21    4275926   2182843   2093083   1815275   1729439    294734    298060     19511     17997     53323     47587    219637    191519   1611861   1552255    284068    288439     17378     16324     49899     44546
2I 785 22    4256208   2164316   2091892   1812463   1735335    280237    290627     19205     17777     52411     48153    226290    195462   1602190   1554273    269789    281271     17111     15952     48936     44934
2I 785 23    4302391   2178884   2123507   1833453   1764762    275637    291902     17808     17122     51986     49721    230175    194681   1619471   1584655    265028    282336     15731     15362     48479     46473
2I 785 24    4458757   2254817   2203940   1907083   1835210    277239    298641     17148     17211     53347     52878    235712    199306   1687875   1651166    266256    288609     15111     15355     49863     49504
2I 785 25    4388254   2214523   2173731   1873611   1807473    271033    293602     16675     16437     53204     56219    231786    196865   1658218   1625433    260372    283912     14634     14778     49513     52743
2I 785 26    4380214   2203280   2176934   1866127   1811330    268577    292705     15343     15835     53233     57064    219194    189081   1662278   1636530    258262    283279     13610     14275     49936     53769
2I 785 27    4420402   2223567   2196835   1888335   1833052    265351    289103     14784     14870     55097     59810    212751    187516   1690439   1659931    255608    279717     12968     13287     51801     56384
2I 785 28    4206422   2111354   2095068   1793845   1747633    249443    274659     14096     14428     53970     58348    191946    174384   1615249   1586156    240636    266392     12476     12862     51047     55274
2I 785 29    4409089   2212322   2196767   1869847   1821783    267204    294039     15810     16605     59461     64340    200680    184002   1683413   1651401    257884    285261     13994     14980     56351     61123
2I 785 30    4274088   2138481   2135607   1815031   1776883    249124    279042     13954     14278     60372     65404    183598    171977   1644315   1617566    240758    271079     12416     12821     57394     62164
2I 785 31    4084776   2035229   2049547   1733533   1711776    228409    259449     13489     13688     59798     64634    166485    159596   1578432   1564042    221269    252189     12021     12306     57022     61414
2I 785 32    3995431   1989310   2006121   1698376   1680723    218480    248898     14266     14773     58188     61727    158972    154054   1550355   1538234    211689    241839     12868     13365     55426     58629
2I 785 33    3859553   1915529   1944024   1641887   1630418    205082    238914     13617     14260     54943     60432    146727    144026   1505412   1496961    198782    232385     12256     13031     52352     57621
2I 785 34    3888076   1934858   1953218   1650452   1629143    216271    249265     13468     14309     54667     60501    147962    143576   1512693   1496140    209659    242619     12249     13070     52295     57813
2I 785 35    3709043   1841462   1867581   1574027   1562304    202622    232793     13192     14408     51621     58076    138875    138086   1444527   1434321    196622    226476     12064     13240     49374     55458
2I 785 36    3636249   1796694   1839555   1548145   1550016    187404    220251     11950     13102     49195     56186    126625    127905   1430204   1431334    181883    214477     10909     12092     47073     53747
2I 785 37    3636333   1796182   1840151   1555272   1560549    181956    212562     11502     12508     47452     54532    123128    125708   1440514   1443743    176651    206931     10517     11535     45372     52234
2I 785 38    3730694   1838713   1891981   1624008   1638829    161116    191893     10468     11268     43121     49991    113050    116308   1518209   1530723    156703    187009      9546     10298     41205     47643
2I 785 39    2945361   1456056   1489305   1257326   1260209    147121    172340     10249     10247     41360     46509    108971    112119   1155995   1156418    142432    167069      9276      9370     39382     44329
2I 785 40    2942688   1448861   1493827   1253331   1265916    144573    172048     10604     11144     40353     44719    101378    103948   1159054   1169734    140200    167209      9681     10262     38548     42674
2I 785 41    2878030   1414447   1463583   1233040   1253331    134786    159511      9818     10487     36803     40254     93300     98393   1146044   1162113    130833    154974      9053      9680     35217     38423
2I 785 42    3035247   1495329   1539918   1314777   1331200    135809    160461      9485      9937     35258     38320     89599     94979   1231060   1243120    132133    155971      8748      9203     33789     36645
2I 785 43    2680771   1314377   1366394   1140417   1164349    130849    155245      9174      9741     33937     37059     84902     89629   1061296   1081449    127100    150824      8508      9050     32571     35442
2I 785 44    2572171   1264409   1307762   1096157   1114548    128148    151316      8225      8616     31879     33282     82682     84965   1019142   1035801    124457    147234      7597      8000     30531     31762
2I 785 45    2414527   1184055   1230472   1022581   1044700    123146    145938      7872      8223     30456     31611     80204     83532    947901    967356    119472    141802      7323      7616     29155     30166
2I 785 46    2381555   1165039   1216516   1014256   1038824    114978    140740      7517      7904     28288     29048     75335     79272    944111    965431    111640    136753      6979      7346     26974     27714
2I 785 47    2380389   1162274   1218115   1006515   1037135    119068    143787      7711      7893     28980     29300     74969     79244    936926    963721    115545    139816      7180      7349     27654     27985
2I 785 48    2153840   1051789   1102051    920662    948829     99362    120947      6604      6886     25161     25389     66340     70681    858766    882913     96492    117734      6162      6419     24029     24304
2I 785 49    2281503   1115040   1166463    969709    998313    111872    133615      6884      7400     26575     27135     69863     74414    904554    929157    108752    129996      6427      6904     25444     25992
2I 785 50    2243588   1088889   1154699    953367    993817    105097    128085      6686      6942     23739     25855     67346     72162    890423    926420    102122    124815      6200      6453     22798     24849
2I 785 51    2097070   1018556   1078514    892588    929205     98227    118372      6087      6494     21654     24443     61104     65836    835376    867845     95575    115313      5665      6037     20836     23483
2I 785 52    2086487   1008306   1078181    884127    928172     97965    119403      5837      6503     20377     24103     58134     63824    829838    868665     95353    116434      5412      6072     19569     23186
2I 785 53    2164260   1043644   1120616    920731    969516     97906    121218      5516      6169     19491     23713     59021     63008    865257    910471     95433    118432      5163      5790     18770     22915
2I 785 54    2263510   1086241   1177269    959063   1020894    102288    125926      5597      6373     19293     24076     61515     66711    901391    958583     99561    122889      5224      5929     18550     23157
2I 785 55    2231696   1071647   1160049    946864   1007853    100570    122747      5592      6205     18621     23244     59372     65530    891170    946667     98035    119761      5195      5795     17875     22296
2I 785 56    2249138   1073695   1175443    956072   1028625     95379    118708      5070      5693     17174     22417     56458     62612    902800    970110     93199    115863      4729      5304     16509     21554
2I 785 57    2326458   1106094   1220364    985337   1071514     98646    121140      5110      5592     17001     22118     55466     61310    933168   1014268     96372    118300      4765      5230     16323     21256
2I 785 58    2181627   1027092   1154535    918151   1019702     88569    109325      4717      5089     15655     20419     48682     55865    872489    967599     86511    106748      4388      4731     15022     19592
2I 785 59    2239982   1048503   1191479    935839   1050929     91485    114084      4908      5121     16271     21345     49315     56093    889553    998544     89441    111615      4581      4743     15613     20484
2I 785 60    2267529   1052862   1214667    940339   1072659     91779    116503      4651      5318     16093     20187     46664     53703    896637   1022488     89762    114082      4314      4982     15485     19412
2I 785 61    2212171   1028621   1183550    924255   1051395     84461    108493      4411      4949     15494     18713     45018     49718    881816   1004972     82720    106215      4110      4635     14957     18010
2I 785 62    2108166    975374   1132792    873412   1002789     82086    107031      4451      4844     15425     18128     41275     46531    834585    959509     80429    104857      4176      4505     14909     17390
2I 785 63    2168966   1008400   1160566    913152   1037935     76880    101141      4077      4457     14291     17033     39897     44719    875446    996051     75393     99127      3843      4222     13821     16447
2I 785 64    2149675    991950   1157725    896843   1034291     77358    102244      3847      4471     13902     16719     36867     43779    862032    993428     75969    100175      3615      4218     13467     16125
2I 785 65    2016182    920579   1095603    828454    974315     75599    101196      3694      4114     12832     15978     34563     41181    796005    936148     74133     99086      3482      3873     12396     15315
2I 785 66    1910786    864505   1046281    780858    935685     69102     92690      3101      3744     11444     14162     29397     36455    753269    901721     67825     90931      2941      3551     11073     13623
2I 785 67    1907431    856847   1050584    774376    940912     68471     92503      2947      3557     11053     13612     27760     35392    748358    907858     67257     90820      2769      3371     10703     13143
2I 785 68    1778854    786160    992694    710993    891714     61909     84989      2782      3350     10476     12641     24207     31997    688502    861881     60758     83501      2592      3154     10101     12161
2I 785 69    1729952    752289    977663    674760    871438     64345     90151      2792      3360     10392     12714     23166     31425    653274    842217     63178     88581      2625      3195     10046     12245
2I 785 70    1645464    708533    936931    637247    837634     59134     84978      2452      3257      9700     11062     21755     29944    616947    809726     58123     83513      2345      3080      9363     10668
2I 785 71    1586941    674891    912050    611725    821684     51700     76681      2311      3188      9155     10497     21382     29941    591718    793710     50859     75320      2195      3016      8737     10063
2I 785 72    1495777    628331    867446    569051    780881     48553     73994      2245      2962      8482      9609     19692     28141    550703    754557     47740     72701      2123      2814      8073      9233
2I 785 73    1417396    588445    828951    534724    748582     43880     68845      2031      2725      7810      8799     18562     26475    517364    723771     43161     67692      1916      2575      7442      8438
2I 785 74    1369877    558247    811630    505712    733437     43168     67235      1983      2695      7384      8263     18232     26367    488809    708601     42403     66156      1865      2562      6938      7944
2I 785 75    1282255    515586    766669    466430    693047     40544     63561      1694      2464      6918      7597     16614     23690    450932    670745     39903     62561      1576      2351      6561      7322
2I 785 76    1181582    465081    716501    420461    649510     36894     58196      1553      2347      6173      6448     14680     21377    406770    629381     36297     57304      1468      2226      5866      6213
2I 785 77    1100951    422828    678123    381368    614984     34032     55020      1529      2211      5899      5908     13939     20051    368406    596073     33482     54221      1459      2098      5542      5680
2I 785 78    1012298    381554    630744    345218    574875     29839     48635      1302      1938      5195      5296     12721     18349    333377    557510     29331     47914      1234      1862      4891      5109
2I 785 79     933775    343887    589888    309531    535631     28461     47692      1149      1836      4746      4729     11826     17181    298485    519416     27986     46981      1093      1756      4497      4554
2I 785 80     830145    298159    531986    268880    484768     24408     41509      1051      1524      3820      4185     10348     15348    259241    470178     23991     40986       983      1456      3596      4018
2I 785 81     742609    259603    483006    237300    445449     18309     32728       870      1280      3124      3549      9154     13645    228705    432422     17985     32297       817      1224      2942      3418
2I 785 82     662174    227259    434915    207666    400661     16337     29985       720      1130      2536      3139      8189     11938    199968    389343     16026     29531       680      1074      2396      3029
2I 785 83     602105    201516    400589    183994    369072     14702     27797       598       987      2222      2733      7004     10314    177406    359246     14453     27448       565       949      2088      2632
2I 785 84     542353    176646    365707    160754    336063     13332     26029       579      1000      1981      2615      6701     10826    154481    325768     13070     25619       520       953      1874      2541
2I 785 85     474280    150549    323731    136722    298302     11394     22328       526       790      1907      2311      5248      8272    131817    290436     11165     22023       506       759      1813      2241
2I 785 86     408179    126414    281765    114871    260427      9613     18791       454       691      1476      1856      3883      6049    111286    254669      9405     18573       433       652      1407      1822
2I 785 87     347211    103982    243229     94113    224819      8274     16258       401       617      1194      1535      2952      4921     91414    220158      8117     16052       376       581      1123      1517
2I 785 88     286280     82298    203982     74528    188918      6465     13303       336       499       969      1262      2557      4251     72236    184887      6262     13132       323       468       920      1244
2I 785 89     250524     68463    182061     61089    166944      6355     13597       317       461       702      1059      2205      3789     59136    163341      6183     13455       284       434       655      1042
2I 785 90     199213     53822    145391     48517    134351      4696      9985       224       353       385       702      1743      2969     46951    131527      4570      9879       211       331       347       685
2I 785 91     163862     43319    120543     39511    111630      3443      7992       131       292       234       629      1371      2492     38255    109277      3359      7891       120       272       214       611
2I 785 92     134939     35189     99750     32256     91959      2652      7007       106       234       175       550      1105      2083     31217     89984      2604      6927        96       223       167       533
2I 785 93     110722     28809     81913     26245     75244      2281      6011        94       184       189       474       879      1708     25426     73632      2249      5946        86       176       169       451
2I 785 94      87236     22145     65091     20088     59551      1796      4845        80       181       181       514       646      1343     19470     58275      1778      4802        75       174       176       497
2I 785 95      61476     14463     47013     13037     43112      1112      3361        78       120       236       420       445       998     12618     42168      1100      3321        75       114       225       412
2I 785 96      43923     10035     33888      8926     31017       835      2473        55        94       219       304       336       719      8612     30337       824      2450        51        85       212       297
2I 785 97      32725      7678     25047      6621     22739       783      2007        69        71       205       230       229       543      6408     22234       779      1985        65        65       197       220
2I 785 98      23512      5584     17928      4857     16227       610      1482        37        62        80       157       161       401      4708     15871       607      1452        34        55        74       149
2I 785 99      17836      4197     13639      3662     12210       526      1286         5        43         4       100       147       311      3530     11934       519      1259         1        39         0        96
2I 785100      25354      4397     20957      3087     18111      1131      2656        62        65       117       125       350       690      2819     17529      1076      2593        50        46       102        99
2I1085999  239112510 116541402 122571108  99220848 103639245  13663133  15138596    860591    877262   2796830   2916005   9400185   9188842  90474906  95109543  13241171  14711270    776723    796979   2648417   2764474
2I1085  0    3690298   1888916   1801382   1539926   1458970    276705    272419     19807     19595     52478     50398    211694    202402   1343563   1271361    266820    262883     17792     17630     49047     47106
2I1085  1    3505957   1793420   1712537   1461182   1388439    261820    256265     18948     18441     51470     49392    196376    187763   1278765   1214171    252830    247539     17142     16680     48307     46384
2I1085  2    3525762   1804381   1721381   1467133   1391487    265186    259226     19681     19056     52381     51612    198607    189581   1282489   1215328    256114    250561     17907     17302     49264     48609
2I1085  3    3574164   1827312   1746852   1486211   1412620    268813    263095     19427     18998     52861     52139    199256    191057   1300636   1234926    259954    254491     17690     17262     49776     49116
2I1085  4    3577014   1829317   1747697   1487407   1412313    271934    266711     18129     17639     51847     51034    196288    188050   1304213   1237121    263464    258376     16493     16044     48859     48106
2I1085  5    3539967   1810929   1729038   1468777   1393390    273444    268648     18810     18363     49898     48637    203024    195993   1279652   1210900    264548    259999     16801     16425     46904     45721
2I1085  6    3443820   1759845   1683975   1428731   1359828    266299    260723     17603     16628     47212     46796    196827    189964   1246067   1183376    257344    252195     15287     14437     44320     44003
2I1085  7    3337307   1708275   1629032   1389200   1316251    257037    252711     16498     15852     45540     44218    187739    180614   1214968   1148646    248616    244527     14285     13749     42667     41496
2I1085  8    3236475   1658324   1578151   1350062   1276816    249144    244355     15967     15382     43151     41598    185121    177874   1178186   1111509    240797    236421     13813     13327     40407     39020
2I1085  9    3222744   1649725   1573019   1339423   1269840    248694    243352     16904     16256     44704     43571    191571    184517   1161346   1098120    240168    235454     14690     14092     41950     40836
2I1085 10    3293449   1691565   1601884   1375234   1295172    254302    247622     16380     15812     45649     43278    180979    172297   1206467   1134156    246441    240520     14712     14191     42966     40720
2I1085 11    3211910   1646127   1565783   1335232   1264018    247595    241675     16295     15957     47005     44133    173291    166822   1173837   1108202    240096    234786     14692     14432     44211     41541
2I1085 12    3241980   1656625   1585355   1337823   1272329    253814    249986     17379     16959     47609     46081    169005    162788   1180438   1121027    246675    242866     15694     15313     44813     43361
2I1085 13    3397298   1735737   1661561   1405706   1339043    262828    258365     18036     17531     49167     46622    171497    164959   1246008   1185476    255671    251403     16292     15843     46269     43880
2I1085 14    3739933   1913676   1826257   1557933   1479893    286232    280533     18613     17943     50898     47888    177688    171318   1392618   1320565    278722    273030     16758     16228     47890     45116
2I1085 15    3789862   1942533   1847329   1595235   1511960    279654    271865     18787     18155     48857     45349    182005    174510   1425892   1349807    271811    264174     16890     16306     45935     42532
2I1085 16    3710982   1898886   1812096   1556060   1480544    276497    270059     17637     16969     48692     44524    176635    167318   1391514   1324868    268786    262675     15881     15280     46070     41955
2I1085 17    3654253   1874866   1779387   1541196   1455213    269153    264636     17580     16368     46937     43170    180528    166494   1373226   1300511    260912    256940     15886     14810     44314     40632
2I1085 18    3673121   1873188   1799933   1537481   1470800    271736    270841     16989     16121     46982     42171    179941    165238   1370671   1318105    263079    262459     15263     14569     44234     39562
2I1085 19    3933748   2000273   1933475   1637856   1576556    291995    293085     18590     17383     51832     46451    199514    180887   1453387   1409489    282114    283836     16647     15726     48611     43537
2I1085 20    4129098   2104659   2024439   1736456   1659469    296685    300013     19388     17778     52130     47179    211757    187062   1540606   1486756    286015    290449     17415     16068     48866     44104
2I1085 21    4260776   2174643   2086133   1806463   1721414    294773    298318     19540     18111     53867     48290    221273    192970   1601716   1543118    283854    288508     17402     16391     50398     45146
2I1085 22    4243650   2159792   2083858   1806042   1726496    281154    290861     19287     17869     53309     48632    227233    195968   1595227   1545163    270489    281308     17110     16042     49733     45377
2I1085 23    4280046   2167868   2112178   1821972   1753368    275048    290907     18178     17290     52670     50613    232900    197618   1605551   1570627    264272    281226     16064     15469     49081     47238
2I1085 24    4442394   2247662   2194732   1898098   1825336    277918    298665     17269     17265     54377     53466    238048    200364   1677043   1640476    266649    288452     15160     15399     50762     50041
2I1085 25    4408715   2224502   2184213   1882192   1816636    271269    294130     16803     16672     54238     56775    234884    199511   1664022   1632362    260387    284235     14723     14899     50486     53206
2I1085 26    4404662   2217701   2186961   1876852   1818696    270907    294144     15678     16002     54264     58119    223440    192027   1669290   1641301    260331    284509     13838     14407     50802     54717
2I1085 27    4391041   2209036   2182005   1874705   1817863    263912    288893     14963     15221     55456     60028    214596    188348   1675322   1644128    253851    279334     13155     13632     52112     56563
2I1085 28    4221653   2118489   2103164   1797971   1753508    251636    275829     14129     14328     54753     59499    195350    176766   1616315   1590010    242689    267360     12426     12722     51709     56306
2I1085 29    4446832   2231891   2214941   1885117   1835513    269908    297323     15860     16519     61006     65586    203757    186342   1696009   1663142    260298    288297     14020     14868     57807     62292
2I1085 30    4284990   2145028   2139962   1819368   1779021    250771    280285     14643     15257     60246     65399    186642    174636   1646008   1617457    242145    272060     12993     13674     57240     62135
2I1085 31    4110683   2049050   2061633   1742949   1720260    231662    262372     13408     13502     61031     65499    170357    162348   1584505   1569947    224142    254972     11899     12130     58147     62236
2I1085 32    4015937   1999419   2016518   1704326   1686635    221765    252239     14244     14794     59084     62850    160964    155781   1554516   1542735    214811    245002     12846     13344     56282     59656
2I1085 33    3909714   1939797   1969917   1661623   1651518    207729    241884     13790     14437     56655     62078    149683    146660   1522495   1515810    201290    235169     12371     13153     53958     59125
2I1085 34    3922033   1953518   1968515   1667256   1642290    217217    250912     13445     14142     55600     61171    149161    144719   1528610   1508319    210442    244124     12178     12904     53127     58449
2I1085 35    3713569   1844192   1869377   1573706   1562013    204666    234101     13794     15128     52026     58135    141519    140031   1441943   1432448    198414    227602     12583     13853     49733     55443
2I1085 36    3653521   1806559   1846962   1554159   1553200    190007    223152     12090     13256     50303     57354    129295    130269   1433782   1432347    184315    217246     11034     12230     48133     54870
2I1085 37    3632699   1792293   1840406   1546042   1553641    185933    217992     11634     12640     48684     56133    124054    126398   1430614   1436395    180456    212196     10616     11639     46553     53778
2I1085 38    3753565   1849998   1903567   1628970   1643786    165785    196348     10645     11534     44598     51899    115080    118099   1521351   1534074    161220    191324      9703     10552     42644     49518
2I1085 39    3139482   1555601   1583881   1350449   1347846    152146    177576     10579     10654     42427     47805    113168    116271   1245283   1240262    147273    172157      9551      9715     40326     45476
2I1085 40    2923434   1438710   1484724   1243275   1256978    144100    171261     10543     10894     40792     45591    101868    104706   1148662   1160213    139623    166274      9589     10004     38968     43527
2I1085 41    2855731   1403697   1452034   1221564   1240733    134636    159620     10043     10801     37454     40880     95330     99489   1132752   1148558    130579    155049      9240      9959     35796     38979
2I1085 42    3060418   1506352   1554066   1322925   1341776    137590    162772      9654     10095     36183     39423     90550     96066   1238484   1252823    133756    158171      8892      9325     34670     37681
2I1085 43    2754117   1352403   1401714   1176795   1198092    131719    155812      9367      9969     34522     37841     86821     92054   1095860   1112966    127939    151235      8670      9264     33113     36195
2I1085 44    2612839   1284381   1328458   1112779   1131786    130788    153791      8296      8779     32518     34102     83042     85407   1035542   1052744    126976    149633      7669      8137     31152     32537
2I1085 45    2438570   1196182   1242388   1033674   1055015    123426    146696      8021      8243     31061     32434     80999     84195    958317    977067    119719    142542      7429      7627     29718     30957
2I1085 46    2372831   1160992   1211839   1009350   1033369    115449    140885      7602      8081     28591     29504     76652     80289    938008    959064    111993    136858      7063      7499     27276     28129
2I1085 47    2400863   1172532   1228331   1015676   1046290    119506    144336      7807      7972     29543     29733     75355     79708    945830    972575    115924    140262      7255      7410     28168     28376
2I1085 48    2179377   1064566   1114811    931032    958741    101155    123096      6720      7013     25659     25961     67520     71692    868035    891980     98258    119760      6263      6533     24490     24846
2I1085 49    2273448   1111477   1161971    966507    994690    110949    132474      7010      7462     27011     27345     70007     74781    901334    925223    107755    128867      6540      6944     25841     26156
2I1085 50    2271890   1102977   1168913    963791   1004087    107643    131067      6677      7050     24866     26709     67418     72479    900855    936554    104642    127659      6185      6565     23877     25656
2I1085 51    2132568   1035800   1096768    909071    945898     98416    119513      6236      6555     22077     24802     62829     67408    850239    882988     95692    116462      5800      6082     21240     23828
2I1085 52    2073807   1003200   1070607    878643    921161     97874    118539      5894      6531     20789     24376     58321     63819    824235    861781     95220    115495      5454      6087     19970     23425
2I1085 53    2147423   1035682   1111741    912584    960636     97732    120816      5622      6265     19744     24024     58919     63667    857337    901091     95200    117936      5246      5864     18980     23183
2I1085 54    2244320   1077255   1167065    949931   1010510    102142    125804      5590      6362     19592     24389     61106     65681    892657    949127     99423    122844      5215      5925     18854     23488
2I1085 55    2226024   1066747   1159277    941602   1006251    100645    123069      5613      6332     18887     23625     59692     66137    885714    944585     98006    119996      5219      5909     18116     22650
2I1085 56    2245482   1074286   1171196    956495   1024161     95188    118634      5157      5724     17446     22677     57255     63417    902489    964873     92984    115785      4797      5331     16761     21790
2I1085 57    2309059   1097822   1211237    976893   1062004     98524    121129      5147      5650     17258     22454     55812     61908    924392   1004302     96254    118183      4796      5277     16568     21567
2I1085 58    2190657   1033391   1157266    924425   1022125     88375    109154      4751      5148     15840     20839     49595     56473    877899    969458     86308    106563      4412      4784     15177     19988
2I1085 59    2239434   1048602   1190832    935440   1049525     91696    114375      4935      5184     16531     21748     49466     56659    889074    996691     89592    111812      4599      4800     15871     20870
2I1085 60    2246480   1042852   1203628    930324   1061321     91566    116415      4692      5254     16270     20638     47020     54030    886335   1010897     89521    113975      4357      4906     15619     19820
2I1085 61    2217712   1031098   1186614    926752   1054011     84376    108556      4420      5014     15550     19033     45279     50751    884132   1006578     82594    106278      4102      4694     14991     18313
2I1085 62    2121680    981697   1139983    879234   1009152     82334    107496      4469      4907     15660     18428     42067     47103    839651    965369     80655    105268      4186      4565     15138     17678
2I1085 63    2144789    995962   1148827    900070   1025107     77173    101653      4150      4537     14569     17530     40169     45140    862155    982913     75648     99606      3909      4279     14081     16889
2I1085 64    2172335   1001859   1170476    905637   1045637     78041    103219      3916      4522     14265     17098     37823     44489    869925   1004103     76608    101104      3682      4276     13821     16504
2I1085 65    2036433    930490   1105943    837671    983509     75933    101871      3745      4186     13141     16377     34776     41730    805026    944864     74475     99734      3521      3928     12692     15687
2I1085 66    1920783    869831   1050952    785570    939411     69333     93172      3185      3812     11743     14557     30743     37669    756711    904324     68004     91358      3016      3614     11357     13987
2I1085 67    1901623    853835   1047788    770824    937366     68697     92928      2987      3604     11327     13890     27637     35430    744934    904301     67491     91231      2814      3418     10959     13408
2I1085 68    1795959    795293   1000666    719852    899217     62097     85222      2807      3385     10537     12842     24986     32708    696596    868693     60921     83723      2617      3183     10173     12359
2I1085 69    1740428    756587    983841    678727    877477     64350     90049      2799      3391     10711     12924     23193     31648    657263    848099     63177     88443      2622      3218     10332     12433
2I1085 70    1646593    709963    936630    638242    836719     59545     85309      2486      3218      9690     11384     21741     29865    617962    808891     58522     83850      2367      3041      9371     10983
2I1085 71    1591752    677175    914577    613829    823884     51774     76817      2322      3252      9250     10624     21526     30122    593697    795757     50895     75437      2214      3072      8843     10189
2I1085 72    1499799    630051    869748    570762    782861     48429     74105      2247      2987      8613      9795     19809     28385    552290    756335     47629     72795      2123      2835      8200      9398
2I1085 73    1424586    591848    832738    537865    751808     44008     69173      2054      2767      7921      8990     18773     26828    520318    726664     43267     68003      1941      2622      7549      8621
2I1085 74    1378445    562061    816384    509267    737594     43293     67630      1989      2727      7512      8433     18224     26455    492359    712758     42535     66487      1871      2583      7072      8101
2I1085 75    1291634    519894    771740    470397    697422     40740     64054      1769      2485      6988      7779     16981     24343    454620    674445     40049     63075      1629      2374      6615      7503
2I1085 76    1189773    468787    720986    424014    653415     36979     58580      1556      2370      6238      6621     14787     21697    410199    633030     36396     57643      1474      2248      5931      6368
2I1085 77    1108946    426289    682657    384549    618866     34238     55526      1546      2243      5956      6022     14011     20349    371521    599696     33686     54693      1475      2124      5596      5795
2I1085 78    1019511    384517    634994    347968    578745     29959     48902      1306      1968      5284      5379     12861     18527    335987    561195     29445     48201      1238      1887      4986      5184
2I1085 79     941726    346889    594837    312134    539993     28700     48182      1165      1856      4890      4806     11881     17384    301074    523614     28218     47435      1101      1778      4615      4626
2I1085 80     837269    300911    536358    271462    488796     24521     41798      1050      1553      3878      4211     10453     15491    261714    474089     24090     41258       992      1485      3662      4035
2I1085 81     750366    262568    487798    239967    449721     18501     33148       884      1305      3216      3624      9258     13939    231284    436411     18181     32713       823      1244      3022      3491
2I1085 82     669007    229606    439401    209780    404713     16502     30383       738      1144      2586      3161      8300     12227    201988    393111     16186     29923       697      1089      2435      3051
2I1085 83     607231    203064    404167    185352    372196     14856     28172       607       999      2249      2800      7109     10520    178649    362199     14598     27798       575       955      2133      2695
2I1085 84     546936    178074    368862    161948    338778     13541     26433       586      1014      1999      2637      6573     10498    155800    328796     13289     26043       530       968      1882      2557
2I1085 85     478560    151878    326682    137923    300971     11457     22572       532       822      1966      2317      5604      8982    132690    292433     11213     22241       509       783      1862      2243
2I1085 86     412352    127672    284680    116105    263112      9602     18969       459       697      1506      1902      3996      6246    112402    257166      9395     18746       438       660      1441      1862
2I1085 87     350967    105207    245760     95222    227141      8360     16452       401       611      1224      1556      3021      5031     92466    222365      8202     16251       377       577      1141      1536
2I1085 88     289123     83250    205873     75379    190661      6546     13423       334       516       991      1273      2582      4260     73060    186635      6358     13243       318       477       932      1258
2I1085 89     253069     68910    184159     61433    168748      6399     13831       322       470       756      1110      2210      3827     59477    165133      6220     13676       296       435       707      1088
2I1085 90     199533     53558    145975     48275    134977      4632      9944       225       353       426       701      1729      3034     46722    132098      4509      9834       210       325       388       684
2I1085 91     164181     43036    121145     39239    112267      3425      7960       138       293       234       625      1382      2494     37978    109910      3341      7862       126       274       209       605
2I1085 92     136024     35393    100631     32400     92778      2698      7059       109       234       186       560      1127      2110     31346     90776      2649      6980        97       223       174       542
2I1085 93     111827     28957     82870     26391     76120      2301      6094        95       187       170       469       883      1734     25563     74483      2268      6029        88       177       155       447
2I1085 94      88659     22476     66183     20379     60544      1834      4968        78       184       185       487       651      1368     19756     59245      1815      4924        74       175       180       471
2I1085 95      62697     14699     47998     13259     44002      1127      3429        79       127       234       440       459      1009     12826     43047      1115      3392        75       119       224       431
2I1085 96      44623     10118     34505      9011     31576       841      2515        52       100       214       314       335       740      8698     30876       832      2491        48        91       205       307
2I1085 97      33066      7655     25411      6605     23070       774      2036        66        70       210       235       236       551      6386     22558       768      2015        62        63       203       224
2I1085 98      23846      5627     18219      4870     16489       615      1508        40        61       102       161       163       419      4718     16122       612      1472        37        54        97       152
2I1085 99      18521      4531     13990      3968     12503       545      1325        11        53         7       109       155       322      3831     12217       537      1297         6        49         2       105
2I1085100      26270      4562     21708      3216     18748      1165      2759        63        67       118       134       368       718      2931     18143      1109      2692        51        48       103       107
2I 186999  239637561 116807990 122829571  99391757 103797521  13706213  15185486    868755    885404   2841265   2961160   9502595   9279138  90558804  95191708  13275108  14749857    782576    803084   2688907   2805784
2I 186  0    3702183   1895049   1807134   1543912   1463794    277795    272973     20024     19600     53318     50767    214518    205250   1345203   1273736    267632    263188     17927     17574     49769     47386
2I 186  1    3529461   1805705   1723756   1470653   1396686    264186    258432     18915     18580     51951     50058    198979    190260   1286049   1220355    254921    249437     17054     16748     48702     46956
2I 186  2    3512231   1797373   1714858   1461054   1385333    263855    258595     19752     19116     52712     51814    198534    189541   1276724   1209451    254647    249799     17930     17315     49538     48752
2I 186  3    3579215   1829466   1749749   1487082   1415134    268962    262427     19857     19381     53565     52807    201246    193101   1299882   1235709    259883    253650     18059     17583     50396     49706
2I 186  4    3575396   1828969   1746427   1485413   1409334    273016    268060     18133     17642     52407     51391    198335    189947   1300599   1232689    264271    259429     16427     15980     49337     48382
2I 186  5    3552262   1817686   1734576   1475040   1398587    272949    267902     19048     18824     50649     49263    202132    194673   1286671   1217303    264145    259325     17161     17003     47577     46272
2I 186  6    3479466   1778979   1700487   1444255   1373051    268380    262340     17904     16860     48440     48236    200868    194569   1257984   1192446    259165    253555     15493     14566     45469     45351
2I 186  7    3353294   1714755   1638539   1391198   1321511    259744    255383     16888     16069     46925     45576    188306    180758   1216666   1154020    251176    247059     14616     13912     43991     42790
2I 186  8    3242471   1660705   1581766   1352779   1279931    248597    244380     16082     15674     43247     41781    186572    179308   1179794   1113509    240081    236316     13842     13523     40416     39110
2I 186  9    3259185   1669755   1589430   1355444   1282647    251638    246547     17188     16342     45485     43894    194070    186869   1175337   1109025    242883    238301     14870     14132     42595     41103
2I 186 10    3271117   1679581   1591536   1362810   1284107    254790    247490     16428     15923     45553     44016    182343    173506   1192857   1122167    246794    240279     14712     14205     42875     41379
2I 186 11    3237923   1659775   1578148   1348387   1276142    247475    241724     16372     15946     47541     44336    176164    169223   1184428   1118031    239755    234740     14746     14417     44682     41737
2I 186 12    3205357   1638861   1566496   1323243   1257172    250368    246189     17305     16920     47945     46215    168714    163010   1166255   1105741    243171    239036     15607     15262     45114     43447
2I 186 13    3345839   1709712   1636127   1382281   1315158    260081    256160     18114     17628     49236     47181    172313    165350   1222008   1161476    252775    249020     16343     15913     46273     44368
2I 186 14    3651395   1868641   1782754   1517891   1441989    280844    274644     18536     17840     51370     48281    176606    170201   1353702   1283821    273386    267182     16652     16095     48295     45455
2I 186 15    3836724   1965871   1870853   1610277   1527602    286535    278576     19039     18357     50020     46318    184860    176902   1438448   1363398    278459    270672     17106     16477     46998     43404
2I 186 16    3719161   1904375   1814786   1558731   1480600    278140    271521     17836     17182     49668     45483    179736    169949   1391462   1322546    270279    264046     15991     15422     46907     42823
2I 186 17    3685942   1893256   1792686   1557412   1469017    269872    263186     17758     16592     48214     43891    182965    168537   1387260   1312480    261488    255417     16019     14982     45524     41270
2I 186 18    3644463   1858275   1786188   1523988   1457221    269666    269842     17056     15959     47565     43166    181403    165569   1355871   1304329    260935    261380     15302     14397     44764     40513
2I 186 19    3920699   1993281   1927418   1633855   1572643    288846    290576     18440     17456     52140     46743    200577    181620   1448610   1405062    278777    281204     16457     15768     48860     43764
2I 186 20    4061385   2073324   1988061   1706563   1625978    294879    297034     19150     17394     52732     47655    212253    186655   1510502   1453805    284115    287396     17122     15682     49332     44523
2I 186 21    4243218   2163395   2079823   1793714   1712467    295627    300085     19571     18175     54483     49096    223191    194175   1587357   1533256    284467    290139     17420     16409     50960     45844
2I 186 22    4220452   2150481   2069971   1796909   1714138    280363    289160     19309     17941     53900     48732    228029    196293   1585746   1532727    269426    279375     17065     16121     50215     45455
2I 186 23    4264134   2160215   2103919   1812891   1744441    275231    290579     18596     17502     53497     51397    235796    200852   1593891   1558794    264284    280748     16425     15614     49819     47911
2I 186 24    4430779   2243230   2187549   1891779   1817525    278576    298551     17429     17312     55446     54161    240563    201481   1668665   1631789    267039    288173     15255     15444     51708     50662
2I 186 25    4415037   2229213   2185824   1886047   1817416    271241    294310     16865     16862     55060     57236    237223    201514   1665835   1631522    260148    284214     14745     14984     51262     53590
2I 186 26    4398556   2214209   2184347   1873450   1815801    270027    293493     15980     16141     54752     58912    227871    195228   1661993   1635577    259186    283638     14047     14498     51112     55406
2I 186 27    4390958   2209030   2181928   1871452   1815019    265996    290725     15179     15638     56403     60546    216811    189365   1670249   1640501    255593    280986     13361     14041     53016     57035
2I 186 28    4230140   2122906   2107234   1801836   1756539    251628    276146     14219     14308     55223     60241    198529    179034   1617352   1591110    242539    267465     12440     12674     52046     56951
2I 186 29    4489847   2255733   2234114   1903538   1850902    273887    300438     15803     16289     62505     66485    207222    188662   1711383   1676537    263968    291215     13952     14610     59208     63090
2I 186 30    4293865   2147310   2146555   1819921   1783147    251724    281603     15338     16227     60327     65578    189341    177206   1644252   1619445    242851    273103     13572     14523     57294     62278
2I 186 31    4147638   2068685   2078953   1758099   1732778    235101    266031     13429     13460     62056     66684    174405    165259   1596170   1579759    227189    258467     11873     12084     59048     63384
2I 186 32    4036808   2011761   2025047   1713111   1691750    224341    254761     14229     14733     60080     63803    162945    157350   1561542   1546562    217213    247339     12809     13263     57252     60533
2I 186 33    3939548   1953309   1986239   1671722   1663760    209669    244294     13965     14655     57953     63530    153205    149586   1529419   1525551    203040    237378     12496     13302     55149     60422
2I 186 34    3964340   1975768   1988572   1687312   1661538    218415    251259     13422     13973     56619     61802    150663    146222   1547473   1526272    211487    244305     12113     12734     54032     59039
2I 186 35    3723009   1849431   1873578   1576042   1562556    206327    236560     14346     15764     52716     58698    143418    141348   1442712   1431978    199880    229905     13045     14400     50376     55947
2I 186 36    3657850   1809039   1848811   1553837   1551725    191646    225189     12274     13455     51282     58442    132196    132878   1430833   1428475    185758    219137     11196     12405     49056     55916
2I 186 37    3644285   1798830   1845455   1547648   1554250    189498    221265     11773     12770     49911     57170    125200    127177   1431328   1436484    183852    215308     10723     11739     47727     54747
2I 186 38    3630501   1788146   1842355   1568873   1584377    163946    194279     10779     11740     44548     51959    116802    119588   1459744   1473342    159205    189099      9827     10754     42568     49572
2I 186 39    3488252   1730511   1757741   1509666   1504750    164574    190838     10913     11119     45358     51034    117612    120553   1400394   1393249    159511    185264      9849     10118     43145     48557
2I 186 40    2894825   1424312   1470513   1229237   1243157    143126    170127     10544     10699     41405     46530    102454    105767   1134203   1145537    138564    164996      9541      9793     39550     44420
2I 186 41    2860942   1406459   1454483   1221710   1239031    136013    161976     10251     11071     38485     42405     97455    100661   1131035   1145816    131822    157361      9407     10196     36740     40449
2I 186 42    2995156   1473989   1521167   1289662   1308113    137688    162745      9799     10237     36840     40072     91395     96997   1204569   1218446    133699    158037      9018      9433     35308     38254
2I 186 43    2871741   1411099   1460642   1233460   1255157    132778    156754      9594     10216     35267     38515     88954     94495   1150543   1167752    128956    152042      8857      9493     33789     36860
2I 186 44    2655156   1305204   1349952   1130298   1149871    133346    156154      8388      8991     33172     34936     83583     86286   1052599   1070168    129467    151874      7756      8316     31799     33308
2I 186 45    2458220   1205938   1252282   1042802   1063594    123267    147139      8141      8234     31728     33315     81365     84581    967112    985309    119597    142968      7518      7615     30346     31809
2I 186 46    2362173   1156011   1206162   1003714   1027286    115682    140652      7663      8246     28952     29978     77994     81263    931165    952087    112098    136607      7117      7646     27637     28559
2I 186 47    2421214   1182516   1238698   1024369   1055096    120059    145206      7915      8069     30173     30327     75902     80357    954123    980926    116397    141013      7350      7485     28744     28917
2I 186 48    2201218   1075388   1125830    939690    967354    102647    124743      6851      7152     26200     26581     68714     72789    875614    899666     99694    121275      6378      6657     24988     25443
2I 186 49    2268618   1109442   1159176    964135    991794    110671    132168      7134      7525     27502     27689     70331     75036    898765    922111    107390    128589      6650      6982     26306     26458
2I 186 50    2273374   1103308   1170066    963281   1004541    107894    131302      6673      7177     25460     27046     67303     72704    900575    936943    104852    127768      6169      6693     24409     25958
2I 186 51    2167079   1052713   1114366    925225    962037     98569    120552      6369      6614     22550     25163     64648     69103    864667    897487     95782    117487      5924      6131     21692     24158
2I 186 52    2061468    998166   1063302    873164    914405     97759    117708      5958      6546     21285     24643     58579     63827    818522    855123     95101    114590      5507      6092     20457     23670
2I 186 53    2130191   1027631   1102560    904404    951548     97514    120290      5718      6377     19995     24345     58950     64392    849257    891447     94910    117314      5319      5952     19195     23455
2I 186 54    2225038   1068233   1156805    940844   1000161    101889    125580      5632      6370     19868     24694     60715     64910    883978    939487     99159    122671      5255      5938     19126     23799
2I 186 55    2220017   1061641   1158376    936106   1004485    100715    123396      5591      6418     19229     24077     59702     66289    880292    942770     98026    120255      5204      5982     18417     23080
2I 186 56    2241350   1074705   1166645    956734   1019542     94994    118478      5235      5766     17742     22859     58073     64148    901996    959537     92735    115639      4859      5365     17042     21956
2I 186 57    2291058   1089200   1201858    968096   1052242     98416    121098      5185      5724     17503     22794     56238     62635    915219    993961     96120    118047      4825      5333     16798     21882
2I 186 58    2199403   1039734   1159669    930669   1024342     88191    108986      4805      5191     16069     21150     50534     57055    883264    971149     86086    106359      4454      4822     15396     20284
2I 186 59    2238594   1048530   1190064    934883   1048103     91871    114521      4963      5277     16813     22163     49707     57285    888365    994736     89709    111889      4614      4891     16135     21263
2I 186 60    2224802   1032336   1192466    919896   1049751     91363    116355      4726      5187     16351     21173     47261     54209    875686    999249     89302    113875      4398      4819     15689     20314
2I 186 61    2222850   1033379   1189471    929073   1056572     84203    108500      4436      5074     15667     19325     45542     51833    886287   1008079     82372    106217      4102      4748     15076     18594
2I 186 62    2134818    987808   1147010    884855   1015341     82572    107869      4492      4953     15889     18847     42768     47748    844597    970948     80872    105607      4200      4615     15371     18092
2I 186 63    2119472    982975   1136497    886406   1011837     77454    102165      4211      4610     14904     17885     40387     45485    848361    969418     75885    100087      3957      4327     14385     17180
2I 186 64    2194634   1011493   1183141    914297   1056945     78572    104022      3994      4613     14630     17561     38810     45234    877661   1014726     77101    101846      3758      4373     14163     16962
2I 186 65    2056034    940245   1115789    846666    992346     76344    102525      3786      4223     13449     16695     34944     42120    813849    953320     74901    100380      3551      3950     13000     16019
2I 186 66    1929108    874169   1054939    789355    942459     69454     93616      3259      3875     12101     14989     32086     38935    759239    906226     68081     91733      3078      3666     11685     14379
2I 186 67    1894447    850084   1044363    766731    933339     68797     93217      3035      3654     11521     14153     27582     35525    740896    900217     67584     91492      2864      3466     11158     13663
2I 186 68    1811681    803789   1007892    728109    906149     62198     85339      2829      3424     10653     12980     25772     33494    704071    874858     61022     83829      2639      3218     10285     12493
2I 186 69    1749343    760054    989289    682118    882885     64253     89827      2802      3434     10881     13143     23312     31985    660592    853248     63047     88182      2615      3252     10488     12622
2I 186 70    1646584    710762    935822    638546    835296     59908     85634      2528      3164      9780     11728     21709     29675    618310    807620     58878     84202      2391      2991      9474     11334
2I 186 71    1595111    678607    916504    615189    825553     51796     76960      2333      3303      9289     10688     21594     30310    595009    797291     50883     75547      2232      3117      8889     10239
2I 186 72    1502441    631138    871303    571827    784060     48255     74164      2244      3016      8812     10063     19959     28563    553204    757397     47465     72833      2118      2856      8392      9654
2I 186 73    1429956    594145    835811    540051    754380     44018     69413      2072      2821      8004      9197     18948     27248    522334    728841     43265     68234      1959      2673      7639      8815
2I 186 74    1385364    565004    820360    512030    741018     43321     67985      1990      2763      7663      8594     18185     26473    495130    716248     42579     66775      1875      2610      7235      8254
2I 186 75    1298948    523121    775827    473309    700889     40948     64494      1829      2484      7035      7960     17271     24908    457293    677319     40220     63545      1679      2376      6658      7679
2I 186 76    1196401    471707    724694    426847    656612     36982     58886      1564      2398      6314      6798     14981     22056    412851    635915     36393     57922      1474      2271      6008      6530
2I 186 77    1115555    429049    686506    387121    622134     34366     55963      1558      2285      6004      6124     14051     20630    374052    602723     33806     55096      1485      2161      5655      5896
2I 186 78    1024970    386592    638378    349889    581741     30022     49169      1314      2002      5367      5466     12966     18739    337802    564002     29504     48467      1248      1909      5072      5261
2I 186 79     947897    348980    598917    313909    543507     28877     48625      1186      1873      5008      4912     11916     17573    302837    526952     28394     47858      1112      1802      4721      4732
2I 186 80     842955    303022    539933    273417    492047     24587     42057      1042      1578      3976      4251     10564     15601    263559    477261     24150     41496       993      1510      3756      4065
2I 186 81     756290    264687    491603    241900    453138     18601     33455       897      1318      3289      3692      9337     14240    233161    439534     18279     33014       829      1256      3081      3559
2I 186 82     674761    231555    443206    211508    408091     16658     30784       752      1156      2637      3175      8387     12451    203633    396255     16343     30330       709      1102      2483      3068
2I 186 83     610605    203913    406692    186102    374324     14906     28472       611      1016      2294      2880      7293     10820    179236    364076     14633     28070       578       964      2173      2762
2I 186 84     550247    178917    371330    162584    340843     13711     26826       595      1014      2027      2647      6399     10114    156587    331218     13471     26452       543       972      1917      2574
2I 186 85     481554    152759    328795    138658    302794     11569     22832       535       851      1997      2318      5865      9587    133182    293698     11316     22468       507       809      1889      2233
2I 186 86     414883    128293    286590    116773    264813      9518     19067       454       708      1548      2002      4151      6506    112908    258608      9317     18852       434       674      1483      1950
2I 186 87     353669    106029    247640     95977    228831      8403     16631       402       618      1247      1560      3102      5152     93153    223943      8237     16425       378       578      1159      1542
2I 186 88     290779     83791    206988     75850    191637      6577     13540       349       525      1015      1286      2600      4291     73490    187583      6403     13354       329       489       969      1271
2I 186 89     255237     69472    185765     61835    170105      6526     14051       331       477       780      1132      2219      3818     59880    166499      6342     13891       306       444       725      1113
2I 186 90     198728     52782    145946     47621    135007      4490      9865       217       356       454       718      1691      3080     46090    132085      4376      9760       205       317       420       704
2I 186 91     164043     42772    121271     38982    112440      3400      7917       145       291       245       623      1390      2507     37721    110071      3317      7818       129       271       215       604
2I 186 92     136412     35336    101076     32346     93186      2712      7094       102       238       176       558      1127      2115     31291     91176      2663      7017        91       228       164       540
2I 186 93     112628     29145     83483     26557     76664      2337      6171        90       188       161       460       892      1761     25719     75010      2301      6095        84       177       149       440
2I 186 94      89570     22651     66919     20540     61197      1856      5046        76       177       179       499       674      1383     19902     59873      1831      5010        72       171       172       482
2I 186 95      63570     14920     48650     13470     44588      1147      3491        75       133       228       438       457      1018     13040     43626      1137      3454        69       124       217       428
2I 186 96      45314     10249     35065      9130     32097       843      2552        58        99       218       317       343       753      8808     31383       833      2525        53        92       212       312
2I 186 97      33501      7720     25781      6670     23404       779      2063        63        67       208       247       237       562      6446     22880       775      2043        60        60       202       236
2I 186 98      24059      5619     18440      4888     16701       609      1511        44        60        78       168       162       418      4737     16330       604      1481        42        52        74       159
2I 186 99      19067      4713     14354      4108     12832       566      1358        13        56        26       108       168       345      3962     12533       556      1321         8        52        19       103
2I 186100      28052      5393     22659      4019     19593      1191      2853        63        73       120       140       381       724      3725     18982      1132      2784        51        54       104       115
