2I 488999  244445150 119254450 125190700 100940669 105207385  14115332  15637579    945802    962052   3252647   3383684  10463913  10129198  91299543  95890873  13595526  15122565    835133    858145   3060335   3189919
2I 488  0    3745603   1915505   1830098   1540264   1463609    294238    288963     21196     20529     59807     56997    236699    227431   1323409   1255144    281693    276967     18362     17834     55342     52722
2I 488  1    3609385   1846756   1762629   1489918   1415862    278643    272692     20332     19313     57863     54762    225873    216068   1282884   1217850    266787    261220     17674     16778     53538     50713
2I 488  2    3635703   1862041   1773662   1505697   1427190    276841    269677     20816     20103     58687     56692    225269    215027   1299046   1229835    265014    258542     18221     17545     54491     52713
2I 488  3    3578617   1829618   1748999   1483163   1409631    269208    263117     20055     20004     57192     56247    212340    203857   1287857   1222452    258429    252728     17685     17569     53307     52393
2I 488  4    3574388   1829101   1745287   1477913   1400940    272380    267478     20604     19943     58204     56926    210378    201486   1284236   1215824    261920    257171     18249     17655     54318     53151
2I 488  5    3630863   1857836   1773027   1501759   1425887    276017    269133     20961     20088     59099     57919    215148    206528   1303378   1235610    265563    258964     18577     17788     55170     54137
2I 488  6    3587067   1835038   1752029   1487594   1412959    271825    265305     18970     18331     56649     55434    210461    202183   1293252   1226339    261750    255537     16666     16131     52909     51839
2I 488  7    3587862   1835737   1752125   1487150   1410482    273298    268556     18772     18143     56517     54944    204120    196476   1298415   1229072    263773    259173     16622     16046     52807     51358
2I 488  8    3394146   1735966   1658180   1401795   1331058    262792    257267     19313     18996     52066     50859    208404    202074   1210767   1145606    252225    247329     16164     15892     48406     47279
2I 488  9    3466823   1775873   1690950   1428783   1352600    274134    268039     20206     19307     52750     51004    210525    201534   1236114   1168102    263437    257852     16877     16168     48920     47294
2I 488 10    3446401   1768354   1678047   1432324   1350306    267261    261295     18034     17532     50735     48914    197681    187512   1250191   1177600    257632    252104     15719     15308     47131     45523
2I 488 11    3297080   1689320   1607760   1366758   1292952    254632    249881     17689     16749     50241     48178    193754    185524   1188071   1121541    245200    241106     15544     14680     46751     44909
2I 488 12    3219339   1648281   1571058   1329055   1259205    250834    245263     17812     17379     50580     49211    186089    178958   1156997   1093840    242027    237036     15776     15287     47392     45937
2I 488 13    3266379   1672652   1593727   1353002   1283268    248063    242836     18219     17661     53368     49962    183022    176237   1184085   1120081    239408    234849     16239     15806     49898     46754
2I 488 14    3228113   1653596   1574517   1327085   1257537    252971    247318     18572     17947     54968     51715    178934    171922   1162408   1099468    244575    238787     16415     15976     51264     48364
2I 488 15    3364189   1722654   1641535   1379736   1308337    267932    261882     19134     18410     55852     52906    186423    175909   1207908   1146918    259236    253127     16928     16206     52159     49375
2I 488 16    3611479   1853375   1758104   1497819   1415986    280239    271147     18993     18049     56324     52922    196240    181586   1316535   1248324    271209    262710     16701     15957     52690     49527
2I 488 17    3940251   2028775   1911476   1652669   1552089    297885    287473     19865     18462     58356     53452    215605    193635   1453798   1373233    287412    278334     17438     16366     54522     49908
2I 488 18    3788995   1938666   1850329   1587002   1508886    275491    271939     18495     17316     57678     52188    207217    183432   1396119   1340350    265300    262542     16123     15256     53907     48749
2I 488 19    3907271   1994951   1912320   1635362   1558000    277960    279722     19245     17658     62384     56940    220560    192089   1432696   1381869    266546    269516     16781     15640     58368     53206
2I 488 20    3831628   1962144   1869484   1607050   1519090    277012    278880     18280     16578     59802     54936    224629    191147   1401051   1344213    264886    268335     15912     14613     55666     51176
2I 488 21    3862856   1977795   1885061   1624924   1537019    275486    277317     18059     16838     59326     53887    233241    196916   1411245   1356704    263001    266546     15408     14866     54900     50029
2I 488 22    3888861   1989779   1899082   1639760   1549525    272272    278673     18715     17079     59032     53805    237446    200095   1421837   1366079    259865    267952     16032     15007     54599     49949
2I 488 23    4089611   2079395   2010216   1725741   1646704    274758    288718     19313     18227     59583     56567    247056    208971   1498388   1455111    261990    277527     16736     16088     55225     52519
2I 488 24    4278890   2173560   2105330   1814026   1732838    276877    293490     19301     18532     63356     60470    256157    215983   1578532   1535005    263506    281682     16560     16344     58805     56316
2I 488 25    4305282   2179004   2126278   1821130   1751759    274627    292575     18849     17891     64398     64053    255442    217202   1585901   1552450    261839    281358     16151     15602     59671     59666
2I 488 26    4372455   2204320   2168135   1851413   1792510    271979    294003     17532     17501     63396     64121    249489    211488   1621892   1598845    259075    282592     14994     15278     58870     59932
2I 488 27    4433456   2232268   2201188   1881368   1821033    269288    295840     17047     17524     64565     66791    241887    208767   1658804   1630150    256681    284375     14628     15370     60268     62526
2I 488 28    4201592   2111141   2090451   1780592   1731347    253411    277557     16444     16592     60694     64955    220892    194103   1577336   1553198    242103    267421     14213     14703     56597     61026
2I 488 29    4580179   2300702   2279477   1931489   1877538    282006    310780     17257     17673     69950     73486    233766    206798   1716636   1688047    269684    299597     14945     15768     65671     69267
2I 488 30    4511127   2258456   2252671   1906149   1866515    267952    297182     16282     16532     68073     72442    215176    197043   1708122   1686314    257030    286647     13964     14350     64164     68317
2I 488 31    4312235   2155944   2156291   1819275   1785379    253205    283074     16397     16837     67067     71001    200225    186290   1635351   1614613    242731    273410     14160     14789     63477     67189
2I 488 32    4239594   2113183   2126411   1785244   1760148    245208    277586     17002     18467     65729     70210    191280    180257   1609574   1594934    235185    268270     14969     16437     62175     66513
2I 488 33    4141059   2057767   2083292   1745128   1729310    232787    267617     14074     14576     65778     71789    180367    169973   1579294   1573357    223671    259002     12294     13018     62141     67942
2I 488 34    4164553   2077280   2087273   1760507   1733614    235750    267209     14217     14532     66806     71918    175750    167660   1598632   1580458    226942    258235     12553     12886     63403     68034
2I 488 35    4038047   2007652   2030395   1709277   1693732    220204    252242     15921     17004     62250     67417    163491    159235   1559043   1548309    212101    243839     14036     15184     58981     63828
2I 488 36    3879559   1924502   1955057   1645420   1634735    207074    241666     14802     15831     57206     62825    151171    148349   1506795   1498435    199190    234072     13101     14338     54245     59863
2I 488 37    3720941   1841867   1879074   1565796   1560332    205579    239296     14359     15772     56133     63674    146633    143970   1431057   1428302    197911    231825     12864     14260     53402     60717
2I 488 38    3497227   1727594   1769633   1478031   1480731    184923    215383     12053     13061     52587     60458    132895    132619   1355247   1358889    178502    208802     10862     11836     50088     57487
2I 488 39    3797245   1882411   1914834   1608666   1603130    203446    233129     12445     12954     57854     65621    137603    138012   1482311   1476852    196332    225701     11117     11724     55048     62545
2I 488 40    3781324   1864977   1916347   1617329   1628620    182292    213111     12695     13488     52661     61128    127199    129966   1500211   1509442    176085    206511     11340     12209     50142     58219
2I 488 41    3670581   1812349   1858232   1589428   1598852    162953    191879     11786     12308     48182     55193    118209    121037   1480406   1487577    157441    186019     10531     11079     45762     52520
2I 488 42    2803356   1381582   1421774   1191666   1201675    136508    161496     10990     10986     42418     47617    103530    106375   1096475   1104228    131391    155941      9831      9917     40355     45313
2I 488 43    2852649   1400522   1452127   1208202   1228358    138425    164387     11456     12308     42439     47074    102919    105683   1113368   1131484    133370    158820     10402     11287     40463     44853
2I 488 44    2993643   1476197   1517446   1284686   1300198    142872    165175      9682     10647     38957     41426     96636    100720   1195550   1207849    137989    159802      8837      9734     37185     39341
2I 488 45    2976794   1465256   1511538   1282219   1300946    136577    160472      9144      9627     37316     40493     91221     97143   1197665   1211574    132440    155385      8343      8806     35587     38630
2I 488 46    2610214   1279618   1330596   1111192   1133421    125682    151207      8733      9223     34011     36745     83186     86596   1034428   1053867    121544    146712      7971      8452     32489     34969
2I 488 47    2483526   1214255   1269271   1048230   1075840    122309    148116      8946      9044     34770     36271     83861     86870    971232    996070    117884    143555      8181      8295     33097     34481
2I 488 48    2267955   1107055   1160900    962743    992664    106901    129312      7614      8185     29797     30739     75728     79483    892772    919513    103162    125144      7031      7510     28362     29250
2I 488 49    2463243   1207923   1255320   1043880   1068662    122259    144750      8383      8691     33401     33217     79191     83621    971113    992072    118127    140085      7719      7941     31773     31601
2I 488 50    2347276   1143558   1203718    992160   1027422    113067    136926      7672      8098     30659     31272     72553     78050    925288    955500    109498    132871      6976      7456     29243     29841
2I 488 51    2159117   1049522   1109595    914627    951016    100599    122790      6891      7421     27405     28368     67400     72985    852295    883516     97297    119265      6330      6837     26200     26992
2I 488 52    2156978   1044853   1112125    911875    953918    100600    123341      6577      7220     25801     27646     65418     70940    851185    888350     97507    119713      6028      6707     24715     26415
2I 488 53    2202280   1066666   1135614    938816    980732     97597    121276      6558      6772     23695     26834     66326     71288    876909    914537     94663    117827      6036      6228     22732     25734
2I 488 54    2083125   1006209   1076916    876557    922475    100127    119961      6521      6984     23004     27496     61687     67600    819481    860261     97016    116432      5964      6379     22061     26244
2I 488 55    2068457    990284   1078173    862936    922864     99396    121597      5988      6936     21964     26776     57768     64960    809666    862948     96420    118258      5489      6436     20941     25571
2I 488 56    2146134   1023616   1122518    903997    970857     93819    120184      5427      6273     20373     25204     58538     63794    849396    911443     91183    117227      5029      5817     19470     24237
2I 488 57    2233886   1063029   1170857    939994   1017352     97280    121696      5547      6315     20208     25494     60328     67644    883779    954744     94516    118269      5128      5836     19278     24364
2I 488 58    2110998   1009665   1101333    901414    965979     85004    106346      5256      5558     17991     23450     55323     62685    849669    907847     82712    103353      4797      5100     17164     22348
2I 488 59    2221740   1051832   1169908    935063   1023177     91956    115132      5533      5937     19280     25662     56232     63627    882586    964355     89465    111903      5076      5456     18473     24567
2I 488 60    2233985   1044304   1189681    930505   1043882     90482    115780      5008      5643     18309     24376     51612     58765    882492    989420     88101    112901      4599      5219     17500     23376
2I 488 61    2131602    990749   1140853    884860   1003426     84041    109471      4738      5170     17110     22786     47727     55975    840398    951510     81897    106763      4357      4744     16370     21861
2I 488 62    2101550    971665   1129885    866922    992955     83068    109619      4743      5105     16932     22206     45871     54183    824103    942630     81088    107166      4381      4671     16222     21235
2I 488 63    2175591   1008092   1167499    908621   1037159     78612    104460      4385      5161     16474     20719     44754     52380    866718    988261     76792    102147      4033      4824     15795     19887
2I 488 64    2168983    993586   1175397    889970   1039108     81997    109876      4485      5329     17134     21084     43666     50472    849044    992497     80197    107201      4157      4976     16522     20251
2I 488 65    2052878    931795   1121083    831870    988669     79310    107554      4406      4786     16209     20074     39789     46717    794695    945732     77577    105070      4105      4407     15629     19157
2I 488 66    2099248    952934   1146314    861606   1024957     72881     98975      3678      4435     14769     17947     37984     45081    825887    982990     71390     96800      3437      4173     14236     17270
2I 488 67    2006296    906375   1099921    817762    981015     70949     97466      3547      4193     14117     17247     33963     42741    785891    941243     69605     95403      3278      3921     13638     16613
2I 488 68    1824264    811029   1013235    731474    905144     63355     88538      3279      3925     12921     15628     30746     39065    702749    868832     62052     86728      3053      3666     12429     14944
2I 488 69    1801358    787496   1013862    708146    904896     64189     89990      3065      3888     12096     15088     26905     36305    683185    871290     62842     88135      2881      3672     11683     14460
2I 488 70    1750367    761760    988607    687037    884870     61172     86840      2626      3381     10925     13516     24732     33168    664085    854019     59971     85229      2434      3160     10538     13031
2I 488 71    1635378    698912    936466    632470    842022     53622     78536      2555      3330     10265     12578     22254     31361    611874    813007     52580     76964      2344      3088      9860     12046
2I 488 72    1504442    636000    868442    575311    778816     48785     74772      2454      3074      9450     11780     20186     28863    556528    751981     47897     73365      2277      2892      9112     11341
2I 488 73    1461495    609239    852256    554929    768573     43330     69936      2104      3119      8876     10628     20126     29087    536038    741427     42520     68641      2011      2928      8544     10173
2I 488 74    1430930    585411    845519    532426    763316     42203     68682      2037      3134      8745     10387     19615     29004    514114    736344     41450     67274      1937      2949      8295      9948
2I 488 75    1359049    549836    809213    497896    729158     42136     67856      1911      2723      7893      9476     18235     27026    480918    703816     41367     66680      1759      2578      7557      9113
2I 488 76    1255544    499070    756474    452251    683842     38058     61978      1838      2574      6923      8080     16220     24962    437190    660491     37325     60881      1703      2403      6632      7737
2I 488 77    1177393    456582    720811    413032    651293     35200     59469      1783      2454      6567      7595     15780     24426    398387    628285     34540     58490      1685      2309      6190      7301
2I 488 78    1080382    410293    670089    372441    609528     30418     51738      1385      2241      6049      6582     13967     21448    359408    589419     29896     50793      1279      2118      5743      6311
2I 488 79    1001973    368770    633203    331017    572130     30638     53159      1252      2142      5863      5772     12607     19668    319296    553770     30138     52224      1161      2011      5568      5530
2I 488 80     892693    321642    571051    290350    519993     25461     44529      1128      1755      4703      4774     11090     16993    280038    503922     25006     43912      1059      1661      4449      4563
2I 488 81     811096    285518    525578    260815    483610     19721     36271       949      1503      4033      4194      9982     15699    251511    468742     19367     35666       887      1448      3771      4023
2I 488 82     732087    251977    480110    230018    441195     17814     33940       810      1337      3335      3638      9194     14449    221404    427520     17484     33392       768      1271      3127      3478
2I 488 83     652734    217545    435189    198255    399508     15701     31221       710      1161      2879      3299      8062     12951    190695    387180     15422     30812       653      1078      2713      3168
2I 488 84     583168    188052    395116    170046    361179     14792     29801       733      1116      2481      3020      7090     11563    163433    350206     14539     29362       648      1060      2342      2925
2I 488 85     510426    160016    350410    144576    321391     12649     25494       581       946      2210      2579      6088      9737    138874    312221     12397     25084       551       899      2106      2469
2I 488 86     437706    134067    303639    121979    279939      9890     20729       459       827      1739      2144      4917      8008    117370    272336      9707     20441       436       783      1637      2071
2I 488 87     375609    111923    263686    101703    243305      8200     17779       393       715      1627      1887      4342      7831     97685    235863      8053     17487       363       673      1480      1832
2I 488 88     310394     89740    220654     81660    203889      6454     14466       345       584      1281      1715      3432      5656     78466    198552      6298     14265       327       534      1217      1647
2I 488 89     281664     77700    203964     68563    185388      7791     16642       381       533       965      1401      2539      4243     66270    181374      7650     16462       342       512       899      1373
2I 488 90     206978     53997    152981     48557    141465      4540     10235       255       396       645       885      1693      3138     47007    138518      4450     10106       243       351       604       868
2I 488 91     161651     39150    122501     35797    114218      2728      7251       156       265       469       767      1270      2601     34630    111752      2659      7148       144       254       447       746
2I 488 92     132164     31559    100605     28873     93345      2277      6448       104       215       305       597      1095      2266     27845     91181      2237      6371        98       205       284       582
2I 488 93     116329     29840     86489     26912     79503      2676      6343        91       182       161       461       956      1901     26022     77710      2638      6271        86       174       138       433
2I 488 94      94981     23699     71282     21405     64910      2119      5676        63       190       112       506       758      1550     20701     63450      2078      5618        60       183       102       481
2I 488 95      66767     15058     51709     13717     47278      1140      3893        73       137       128       401       516      1154     13234     46201      1120      3831        69       127       119       396
2I 488 96      48636     10441     38195      9376     34958       859      2826        46       102       160       309       382       826      9016     34162       849      2808        42        98       152       301
2I 488 97      35745      7589     28156      6499     25482       797      2321        63        88       230       265       273       657      6243     24873       791      2295        58        81       224       250
2I 488 98      24192      5060     19132      4340     17311       551      1581        46        59       123       181       199       491      4157     16871       545      1543        42        51       117       176
2I 488 99      19738      4663     15075      3988     13358       598      1524        34        52        43       141       220       433      3792     12974       585      1493        30        44        36       131
2I 488100      38057     11489     26568      9846     22600      1417      3560        72       140       154       268       485       941      9462     21801      1355      3469        57       118       130       239
2I 788999  245021414 119549752 125471662 101132984 105380125  14160162  15686185    955000    971206   3301606   3434146  10578418  10230393  91396272  95979488  13629668  15161715    841148    864491   3104246   3235575
2I 788  0    3756531   1921656   1834875   1542632   1465234    296673    290799     21414     20799     60937     58043    240176    230667   1322799   1253972    283835    278556     18491     18012     56355     53668
2I 788  1    3627905   1856284   1771621   1495558   1420570    281250    275623     20581     19606     58895     55822    229419    219464   1285566   1219768    269039    263791     17819     16969     54441     51629
2I 788  2    3635067   1860612   1774455   1502773   1426762    278116    270748     20887     20110     58836     56835    227979    217948   1293891   1226929    265998    259354     18200     17465     54544     52759
2I 788  3    3619632   1851411   1768221   1500145   1423739    272544    266979     20453     20335     58269     57168    217942    208955   1299972   1232174    261340    256151     17948     17773     54209     53168
2I 788  4    3556285   1819425   1736860   1469772   1395032    271259    265310     20409     19850     57985     56668    210823    202229   1275918   1209449    260655    254882     17995     17494     54034     52806
2I 788  5    3626544   1856991   1769553   1500585   1422143    275496    268838     21216     20257     59694     58315    216241    207233   1301501   1231500    264863    258482     18737     17885     55649     54453
2I 788  6    3610681   1846815   1763866   1496100   1421585    273842    267220     19555     18895     57318     56166    213909    205615   1298846   1232075    263458    257152     17140     16573     53462     52451
2I 788  7    3591759   1837517   1754242   1489328   1413073    272073    267153     18846     18344     57270     55672    207082    199486   1298119   1229107    262311    257536     16590     16149     53415     51964
2I 788  8    3415937   1747411   1668526   1410947   1338864    263745    258552     19317     18957     53402     52153    206689    199608   1221279   1155589    253369    248772     16353     16028     49721     48529
2I 788  9    3514381   1799745   1714636   1447228   1370843    277744    271909     20588     19577     54185     52307    215143    206557   1250583   1181881    266705    261434     17102     16290     50212     48474
2I 788 10    3430270   1760159   1670111   1424182   1342898    266150    259824     18298     17732     51529     49657    197520    186998   1242464   1170997    256404    250502     15937     15456     47834     46158
2I 788 11    3353946   1719413   1634533   1390585   1313953    260282    254732     17837     17024     50709     48824    195672    187384   1210381   1141021    250654    245777     15614     14885     47092     45466
2I 788 12    3203941   1639134   1564807   1321331   1253370    248459    244139     18117     17504     51227     49794    188185    181013   1147552   1086424    239455    235624     16006     15350     47936     46396
2I 788 13    3280781   1680028   1600753   1357690   1287765    250522    244951     18280     17782     53536     50255    184902    178077   1187176   1123026    241683    236837     16248     15843     50019     46970
2I 788 14    3227299   1654030   1573269   1328694   1257898    251345    245257     18525     17869     55466     52245    180748    173534   1162463   1098360    242780    236630     16350     15898     51689     48847
2I 788 15    3337171   1709141   1628030   1367249   1296229    266301    260369     19202     18485     56389     52947    187277    176902   1194837   1134064    257452    251472     16958     16242     52617     49350
2I 788 16    3543198   1819139   1724059   1466228   1384624    276772    267873     18853     17918     57286     53644    195729    180287   1285588   1218387    267704    259396     16547     15796     53571     50193
2I 788 17    3915762   2016681   1899081   1638427   1537594    298925    288344     19964     18538     59365     54605    216776    194400   1438628   1358138    288362    279149     17479     16415     55436     50979
2I 788 18    3802828   1947071   1855757   1597558   1517177    272420    268240     18820     17550     58273     52790    212463    187071   1402022   1345478    261897    258563     16362     15432     54327     49213
2I 788 19    3935746   2009428   1926318   1641486   1564013    283909    285275     19437     17877     64596     59153    224162    194972   1435728   1385324    272285    274945     16846     15787     60407     55290
2I 788 20    3840194   1967115   1873079   1612744   1523372    274797    276789     18399     16626     61175     56292    227191    192244   1404451   1347608    262548    266185     15979     14615     56946     52427
2I 788 21    3848504   1972070   1876434   1619592   1529229    274068    275507     18022     16766     60388     54932    235239    197468   1404221   1348549    261410    264653     15328     14756     55872     51008
2I 788 22    3855239   1972669   1882570   1624832   1534978    269549    276172     18473     16978     59815     54442    237814    200375   1406774   1351459    257044    265361     15733     14859     55304     50516
2I 788 23    4032982   2052333   1980649   1699710   1618687    273218    286548     19249     18023     60156     57391    248491    209262   1471234   1426975    260294    275275     16600     15864     55714     53273
2I 788 24    4268927   2169857   2099070   1808656   1725372    277387    293982     19325     18625     64489     61091    257066    217112   1572578   1526673    263780    281982     16547     16412     59886     56891
2I 788 25    4300790   2177215   2123575   1818354   1747843    274775    292775     19024     18020     65062     64937    256851    218163   1582079   1547834    261764    281406     16266     15693     60255     60479
2I 788 26    4347363   2192155   2155208   1838005   1779461    271580    293038     17732     17540     64838     65169    250430    212844   1607810   1584627    258558    281549     15141     15276     60216     60912
2I 788 27    4456309   2243811   2212498   1889702   1830463    271408    297161     17279     17746     65422     67128    243921    210326   1665555   1638344    258543    285493     14752     15525     61040     62810
2I 788 28    4176289   2097572   2078717   1768744   1720143    250704    275920     16673     16833     61451     65821    223520    196662   1563246   1539803    239173    265588     14387     14863     57246     61801
2I 788 29    4587662   2303773   2283889   1929797   1877426    285269    313771     17598     17980     71109     74712    236767    208802   1712494   1686251    272627    302403     15178     16057     66707     70376
2I 788 30    4495507   2251374   2244133   1901078   1860062    265481    294743     16522     16789     68293     72539    216745    198183   1701819   1679004    254317    283993     14211     14590     64282     68363
2I 788 31    4376375   2186856   2189519   1845563   1813091    256329    286959     16326     16727     68638     72742    203231    188496   1659038   1640494    245662    277110     13994     14610     64931     68809
2I 788 32    4239668   2114310   2125358   1784701   1758127    246232    278006     17385     18794     65992     70431    193844    182216   1606922   1591328    235911    268436     15287     16701     62346     66677
2I 788 33    4153362   2063731   2089631   1748579   1732866    234304    268838     14604     15335     66244     72592    183663    172865   1579914   1574451    224863    259950     12731     13671     62560     68694
2I 788 34    4204628   2097630   2106998   1776036   1746941    238843    271826     14152     14380     68599     73851    179229    170057   1611242   1591625    229662    262693     12452     12734     65045     69889
2I 788 35    4053481   2016221   2037260   1713728   1698241    223450    253797     16045     17198     62998     68024    166904    161854   1560474   1550705    215084    245095     14120     15299     59639     64307
2I 788 36    3868606   1919569   1949037   1642001   1629548    205071    239918     14922     15853     57575     63718    152377    149707   1502393   1492177    197076    232178     13154     14320     54569     60655
2I 788 37    3808934   1884706   1924228   1602594   1598599    209929    244621     14471     15865     57712     65143    149139    145875   1465801   1464913    201963    236948     12923     14319     54880     62173
2I 788 38    3484538   1723140   1761398   1472406   1471839    185462    215312     12532     13581     52740     60666    135640    134681   1347258   1348301    178819    208558     11262     12271     50161     57587
2I 788 39    3830331   1898060   1932271   1619471   1614650    206584    237097     12526     13055     59479     67469    140003    139947   1491054   1486754    199232    229460     11177     11801     56594     64309
2I 788 40    3705263   1831738   1873525   1580826   1584424    184302    213856     12917     13626     53693     61619    128815    131172   1462500   1464329    177828    207041     11523     12325     51072     58658
2I 788 41    3863890   1902797   1961093   1670875   1689920    169519    200340     12051     12744     50352     58089    120718    123467   1559586   1576441    163843    194345     10770     11473     47880     55367
2I 788 42    2840526   1403050   1437476   1212506   1217185    137048    161372     11173     11175     42323     47744    106744    109649   1114405   1116803    131756    155657      9947     10053     40198     45314
2I 788 43    2850499   1399663   1450836   1205799   1225013    138844    165156     11574     12258     43446     48409    104149    106610   1109986   1127397    133648    159446     10476     11221     41404     46162
2I 788 44    2951448   1455596   1495852   1264130   1278721    142325    164317      9829     10908     39312     41906     98177    101529   1173691   1185706    137310    158911      8952      9957     37466     39749
2I 788 45    3044964   1498302   1546662   1312239   1332460    138328    162742      9318      9784     38417     41676     92858     98887   1226288   1241596    134045    157509      8486      8931     36625     39739
2I 788 46    2647354   1299206   1348148   1130038   1150308    125889    151116      8830      9373     34449     37351     84134     88034   1052387   1069452    121741    146530      8047      8586     32897     35546
2I 788 47    2518516   1231452   1287064   1062670   1090482    124434    150332      9050      9172     35298     37078     84423     87379    985232   1010331    119913    145717      8264      8395     33620     35242
2I 788 48    2286859   1116318   1170541    971270   1001392    106836    129509      7809      8320     30403     31320     76718     80407    900463    927430    103015    125282      7188      7631     28934     29791
2I 788 49    2463199   1207915   1255284   1042409   1066721    123331    145771      8438      8833     33737     33959     80136     84487    968806    989429    119103    141040      7768      8051     32102     32277
2I 788 50    2371372   1155667   1215705   1002978   1038050    113664    137727      7794      8191     31231     31737     73083     78683    935716    965628    110038    133588      7066      7530     29764     30276
2I 788 51    2185666   1062814   1122852    925301    961315    102470    124904      7014      7553     28029     29080     68338     73777    862180    893135     99090    121324      6432      6950     26774     27666
2I 788 52    2153669   1043697   1109972    910972    952208     99994    122740      6611      7309     26120     27715     65540     71265    850233    886424     96868    119063      6049      6781     25007     26439
2I 788 53    2164330   1048202   1116128    920408    962216     97227    120129      6648      6875     23919     26908     66706     71727    858267    895688     94203    116614      6114      6327     22912     25772
2I 788 54    2120918   1024892   1096026    894537    940125    100293    121127      6605      7002     23457     27772     63021     68753    836180    876807     97136    117570      6038      6381     22517     26515
2I 788 55    2054489    984740   1069749    857131    915112     99168    120682      6115      7036     22326     26919     58150     65533    803594    854802     96159    117236      5589      6524     21248     25654
2I 788 56    2129994   1016345   1113649    896604    961993     93563    119772      5453      6276     20725     25608     57949     63482    842626    902943     90920    116812      5044      5807     19806     24605
2I 788 57    2215180   1054587   1160593    931417   1006922     97184    121797      5566      6372     20420     25502     60336     67230    875246    944732     94397    118373      5144      5886     19464     24372
2I 788 58    2104201   1004455   1099746    896241    964055     84684    106337      5291      5658     18239     23696     55707     63379    844220    905335     82324    103269      4827      5185     17377     22578
2I 788 59    2218810   1053226   1165584    936171   1018598     91808    114977      5602      5966     19645     26043     56878     64308    883122    959153     89294    111740      5127      5477     18805     24906
2I 788 60    2215868   1035625   1180243    921945   1034411     90158    115573      5072      5700     18450     24559     52073     59378    873531    979444     87743    112622      4650      5267     17628     23532
2I 788 61    2141822    997948   1143874    891809   1006103     84038    109496      4765      5220     17336     23055     48457     56400    846674    953791     81858    106764      4371      4794     16588     22125
2I 788 62    2101103    971483   1129620    866239    991892     83358    109996      4773      5143     17113     22589     46164     54806    823224    941060     81314    107469      4410      4685     16371     21600
2I 788 63    2155571    998715   1156856    899181   1026160     78544    104520      4453      5137     16537     21039     44981     52970    857094    976736     76708    102182      4093      4796     15839     20172
2I 788 64    2176943    997200   1179743    893194   1042623     82260    110241      4453      5405     17293     21474     43956     51368    852025    995161     80447    107549      4112      5047     16660     20618
2I 788 65    2065199    937508   1127691    837253    994750     79443    107860      4464      4853     16348     20228     40504     47435    799411    951220     77694    105286      4149      4465     15750     19285
2I 788 66    2072972    939387   1133585    847438   1011384     73093     99391      3745      4486     15111     18324     38334     45460    811436    969115     71562     97197      3498      4200     14557     17613
2I 788 67    2029460    916458   1113002    826992    993114     71625     98224      3582      4245     14259     17419     34687     43449    794430    952623     70263     96163      3307      3972     13771     16795
2I 788 68    1841906    819592   1022314    739502    913324     63562     89006      3343      4023     13185     15961     31312     39888    710243    876282     62258     87151      3103      3744     12676     15249
2I 788 69    1811648    792965   1018683    713246    909083     64240     90253      3109      3938     12370     15409     27826     37259    687435    874626     62843     88351      2918      3719     11943     14728
2I 788 70    1742603    757770    984833    682591    880387     61441     87315      2655      3430     11083     13701     24731     33332    659606    849398     60266     85675      2468      3212     10699     13216
2I 788 71    1654847    709690    945157    642996    850299     53833     78763      2561      3353     10300     12742     22868     31872    621829    820804     52752     77177      2349      3102      9892     12202
2I 788 72    1511993    638853    873140    577868    783277     48928     74779      2466      3081      9591     12003     20218     29007    559118    756332     48027     73374      2278      2890      9212     11537
2I 788 73    1461094    610374    850720    555650    766726     43665     70151      2150      3123      8909     10720     20233     29165    536648    739542     42848     68809      2044      2930      8601     10274
2I 788 74    1434583    587293    847290    534387    765020     42035     68575      2019      3153      8852     10542     19708     29235    515991    737845     41281     67165      1927      2965      8386     10080
2I 788 75    1363691    551994    811697    500105    731385     42036     67945      1921      2774      7932      9593     18408     27291    482956    705799     41267     66753      1766      2623      7597      9231
2I 788 76    1261725    502117    759608    455055    686528     38182     62261      1838      2570      7042      8249     16332     25182    439878    662977     37457     61160      1703      2400      6747      7889
2I 788 77    1184851    460160    724691    416262    654573     35469     59981      1831      2510      6598      7627     15860     24716    401567    631350     34798     58946      1720      2352      6215      7327
2I 788 78    1088053    413924    674129    375934    613123     30475     52039      1411      2231      6104      6736     14197     21882    362697    592577     29926     51102      1310      2109      5794      6459
2I 788 79    1009564    371991    637573    333973    575768     30822     53757      1259      2178      5937      5870     12715     20005    322157    557111     30331     52789      1159      2040      5629      5628
2I 788 80     898712    324212    574500    292671    522930     25671     44992      1135      1767      4735      4811     11170     17234    282276    506658     25217     44349      1065      1668      4484      4591
2I 788 81     817803    288280    529523    263269    487023     19923     36712       957      1501      4131      4287     10044     15827    253926    472041     19570     36106       890      1444      3850      4105
2I 788 82     739577    254897    484680    232648    445304     18015     34326       827      1374      3407      3676      9255     14633    223976    431460     17682     33751       783      1307      3201      3529
2I 788 83     658713    219811    438902    200369    402875     15772     31517       709      1173      2961      3337      8137     13127    192740    390404     15489     31089       655      1100      2790      3182
2I 788 84     589353    190366    398987    172035    364563     15014     30215       770      1149      2547      3060      7153     11780    165371    353375     14761     29781       664      1081      2417      2970
2I 788 85     514735    161412    353323    145838    323995     12757     25762       586       956      2231      2610      6169      9953    140052    314619     12505     25351       559       905      2127      2495
2I 788 86     441473    135164    306309    122896    282292     10026     21016       467       830      1775      2171      4965      8012    118258    274691      9839     20726       441       789      1661      2091
2I 788 87     378706    112906    265800    102557    245090      8368     18063       399       760      1582      1887      4327      7845     98525    237668      8226     17770       363       688      1465      1829
2I 788 88     312530     90412    222118     82356    205248      6403     14545       333       580      1320      1745      3582      6020     79012    199562      6250     14314       317       543      1251      1679
2I 788 89     285662     78939    206723     69732    187727      7816     16961       383       571      1008      1464      2618      4421     67351    183561      7678     16789       346       521       946      1431
2I 788 90     209895     55143    154752     49543    142982      4698     10468       256       384       646       918      1710      3126     47970    140035      4611     10337       241       352       611       902
2I 788 91     163856     39953    123903     36495    115534      2792      7296       153       280       513       793      1292      2641     35318    113053      2728      7193       144       253       471       763
2I 788 92     133050     31669    101381     28980     94044      2237      6494       110       225       342       618      1088      2291     27961     91864      2197      6413        98       212       325       601
2I 788 93     114939     28758     86181     25952     79377      2504      6134        92       176       210       494       971      1918     25070     77576      2468      6064        88       167       161       456
2I 788 94      96311     24357     71954     21919     65554      2252      5715        66       186       120       499       764      1565     21213     64075      2208      5658        61       178       111       478
2I 788 95      67771     15380     52391     13997     47857      1176      3970        68       143       139       421       522      1173     13510     46771      1156      3903        64       131       128       413
2I 788 96      49436     10688     38748      9606     35459       866      2880        48       105       168       304       395       847      9238     34652       854      2855        43        98       158       296
2I 788 97      36764      7854     28910      6755     26120       821      2411        64        86       214       293       272       669      6497     25499       815      2385        60        80       210       277
2I 788 98      24794      5160     19634      4429     17754       582      1633        43        57       106       190       194       494      4251     17308       576      1599        39        49       100       184
2I 788 99      20140      4702     15438      4016     13687       583      1544        38        54        65       153       229       440      3811     13296       570      1517        34        46        58       139
2I 788100      35198      7722     27476      5988     23256      1501      3787        80       142       153       291       515       980      5598     22428      1415      3693        63       118       131       257
2I1088999  245693191 119888757 125804434 101351399 105586187  14217590  15748597    964819    980982   3354949   3488668  10694008  10332502  91519037  96101228  13675692  15214175    847604    871319   3152416   3285210
2I1088  0    3797538   1942224   1855314   1554385   1477565    302981    296511     21874     21259     62984     59979    245358    235967   1330179   1261759    289628    283798     18824     18349     58235     55441
2I1088  1    3625462   1854462   1771000   1492164   1417469    282193    277186     20624     19731     59481     56614    231282    221430   1280723   1215160    269732    265090     17786     17010     54939     52310
2I1088  2    3635758   1861003   1774755   1501443   1426190    279268    271436     20997     20094     59295     57035    231200    221013   1289845   1223716    266868    259801     18207     17361     54883     52864
2I1088  3    3632138   1858652   1773486   1505032   1426489    273737    268463     20707     20526     59176     58008    221773    212392   1301661   1232069    262167    257297     18082     17849     54969     53879
2I1088  4    3584823   1833263   1751560   1480458   1406809    273366    267276     20582     20068     58857     57407    214040    205492   1283896   1218470    262484    256575     18064     17607     54779     53416
2I1088  5    3600323   1843835   1756488   1489625   1410603    273279    267200     21126     20210     59805     58475    215711    206626   1291273   1220823    262554    256716     18589     17775     55708     54548
2I1088  6    3619327   1851618   1767709   1498665   1423670    273933    266899     20276     19531     58744     57609    216729    208228   1299130   1232032    263294    256607     17727     17087     54738     53755
2I1088  7    3599744   1841234   1758510   1492062   1416269    272182    267409     18927     18479     58063     56353    210308    202804   1298125   1229505    262142    257506     16559     16171     54100     52524
2I1088  8    3438782   1760125   1678657   1421366   1346974    264678    259561     19848     19598     54233     52524    210316    202589   1228266   1160965    254132    249566     16994     16767     50417     48770
2I1088  9    3554677   1819364   1735313   1462334   1387264    280278    273833     20975     19887     55777     54329    219461    211313   1261982   1194076    268925    263112     17328     16444     51668     50368
2I1088 10    3443457   1767137   1676320   1426709   1344155    269090    263071     18542     17801     52796     51293    195800    184942   1246844   1174515    259285    253649     16154     15498     49054     47716
2I1088 11    3394831   1740034   1654797   1407392   1330083    262960    258004     17956     17347     51726     49363    197349    188912   1225910   1155985    253137    248892     15646     15120     47992     45888
2I1088 12    3212583   1643154   1569429   1323899   1257099    249161    244244     18435     17599     51659     50487    190191    182965   1148543   1088667    239943    235379     16247     15412     48230     47006
2I1088 13    3265156   1672436   1592720   1350299   1279418    250183    244800     18352     17951     53602     50551    186536    179571   1178412   1113525    241168    236575     16256     15886     50064     47163
2I1088 14    3251152   1667253   1583899   1339445   1267297    252363    246222     18587     17835     56858     52545    183567    175901   1170767   1105562    243547    237444     16384     15874     52988     49118
2I1088 15    3317595   1698355   1619240   1358981   1288921    263500    257853     19156     18467     56718     53999    186980    177203   1187046   1126655    254560    248868     16876     16183     52893     50331
2I1088 16    3466171   1779582   1686589   1431226   1351815    271842    263256     18885     17962     57629     53556    196661    180379   1249929   1185816    262603    254570     16544     15804     53845     50020
2I1088 17    3856785   1984243   1872542   1607359   1511401    296061    286228     19894     18428     60929     56485    216298    193785   1408142   1332605    285541    277073     17366     16279     56896     52800
2I1088 18    3841395   1970624   1870771   1613170   1526372    279112    273044     19151     17817     59191     53538    217237    190374   1413463   1351830    268204    263079     16618     15651     55102     49837
2I1088 19    3964766   2024508   1940258   1650873   1573421    287410    287861     19633     18078     66592     60898    228281    197756   1441512   1392281    275583    277416     16911     15896     62221     56909
2I1088 20    3851864   1973079   1878785   1620922   1530104    271558    274669     18518     16776     62081     57236    230018    193647   1410119   1353118    259123    264021     16037     14718     57782     53281
2I1088 21    3838592   1969194   1869398   1615157   1521575    274041    274570     18041     16578     61955     56675    236830    197821   1398417   1340704    261273    263656     15306     14551     57368     52666
2I1088 22    3809802   1949660   1860142   1604312   1515951    266479    272532     18290     17019     60579     54640    238854    200798   1385548   1332194    253822    261622     15492     14859     55944     50669
2I1088 23    3973420   2023745   1949675   1673526   1590645    270459    283393     19103     17671     60657     57966    248986    208613   1444818   1399625    257469    272115     16353     15501     56119     53821
2I1088 24    4245501   2157168   2088333   1795665   1713771    277024    293948     19316     18751     65163     61863    258024    218069   1558864   1514382    263222    281836     16552     16478     60506     57568
2I1088 25    4285038   2171104   2113934   1810926   1737970    275127    292481     19104     18080     65947     65403    256758    218215   1575114   1538102    261930    280953     16248     15750     61054     60914
2I1088 26    4323543   2179699   2143844   1824774   1767540    271108    292211     18092     17723     65725     66370    252162    215283   1593121   1570549    257948    280642     15441     15381     61027     61989
2I1088 27    4437590   2234966   2202624   1879364   1820201    271682    296951     17410     17799     66510     67673    245161    210866   1654415   1627741    258569    285131     14817     15569     62004     63317
2I1088 28    4200465   2108866   2091599   1778245   1730826    251585    277147     16824     17140     62212     66486    225414    198645   1571109   1548887    239866    266653     14504     15033     57973     62381
2I1088 29    4597007   2310382   2286625   1934253   1879515    285784    313170     18035     18217     72310     75723    240355    211463   1713981   1686019    272858    301597     15468     16262     67720     71284
2I1088 30    4471869   2239279   2232590   1888361   1846551    265460    295995     16737     17219     68721     72825    217873    198817   1688318   1665081    253976    285079     14445     14996     64667     68617
2I1088 31    4386620   2191138   2195482   1847294   1817323    258068    287531     16407     16645     69369     73983    206243    190752   1658199   1642866    247224    277465     13946     14474     65526     69925
2I1088 32    4284466   2136905   2147561   1802378   1774894    249582    282340     17464     18749     67481     71578    196123    183975   1622732   1606715    238952    272519     15353     16613     63745     67739
2I1088 33    4158537   2067220   2091317   1750514   1733073    235314    269283     15329     16411     66063     72550    186469    175255   1579499   1572717    225584    260110     13326     14608     62342     68627
2I1088 34    4225539   2108256   2117283   1782970   1753887    241387    274441     14113     14205     69786     74750    183371    173025   1614723   1595852    231714    265118     12360     12569     66088     70719
2I1088 35    4079600   2029405   2050195   1721946   1705922    227425    257666     16071     17296     63963     69311    168958    163742   1566916   1556927    218846    248714     14139     15331     60546     65481
2I1088 36    3920719   1945021   1975698   1662621   1650961    208000    243231     15180     16096     59220     65410    155497    152363   1520317   1511412    199803    235246     13323     14489     56081     62188
2I1088 37    3842738   1903409   1939329   1619494   1611738    210960    246119     14437     15691     58518     65781    150473    146970   1481770   1477135    202760    238285     12832     14148     55574     62791
2I1088 38    3492803   1727644   1765159   1473637   1473154    187993    217181     13045     14206     52969     60618    138305    136404   1346289   1348311    181031    210225     11688     12780     50331     57439
2I1088 39    3833724   1900903   1932821   1619356   1612176    208242    238699     12654     13166     60651     68780    143160    142680   1488138   1481808    200629    230881     11286     11893     57690     65559
2I1088 40    3712859   1833747   1879112   1576257   1581556    189320    220503     13068     13759     55102     63294    129776    131819   1457298   1461150    182636    213467     11623     12416     52414     60260
2I1088 41    3890306   1915475   1974831   1677044   1696699    174154    204927     12293     13045     51984     60160    123054    125581   1563708   1581351    168261    198748     10977     11760     49475     57391
2I1088 42    3043235   1506551   1536684   1309045   1308824    142378    167155     11572     11653     43556     49052    110744    113500   1207379   1204999    136861    161280     10274     10448     41293     46457
2I1088 43    2829869   1389147   1440722   1195423   1215143    138207    164208     11510     11998     44007     49373    104863    107416   1099095   1116939    132883    158317     10382     10954     41924     47096
2I1088 44    2923332   1441779   1481553   1249911   1263599    141913    164174     10031     11230     39924     42550    100263    102570   1157630   1169677    136755    158737      9116     10238     38015     40331
2I1088 45    3073366   1511108   1562258   1322103   1344520    140204    164991      9437      9912     39364     42835     93877    100045   1235377   1252726    135743    159653      8592      9019     37519     40815
2I1088 46    2718969   1336417   1382552   1165873   1183479    126690    151606      9001      9558     34853     37909     86017     90256   1086499   1100578    122480    146889      8174      8753     33247     36076
2I1088 47    2555883   1249970   1305913   1078257   1106530    126685    152238      9129      9357     35899     37788     84739     87778   1000667   1026149    122025    147545      8343      8544     34196     35897
2I1088 48    2306343   1125800   1180543    979897   1009892    107005    130261      7962      8350     30936     32040     77380     80948    908534    935448    103179    126012      7288      7652     29419     30483
2I1088 49    2452186   1202496   1249690   1036677   1060963    123273    145300      8540      9041     34006     34386     81596     85683    961781    982629    118880    140501      7872      8224     32367     32653
2I1088 50    2393390   1166895   1226495   1013197   1048005    113951    137999      7880      8275     31867     32216     73523     79196    945655    975251    110245    133748      7130      7585     30342     30715
2I1088 51    2212248   1076144   1136104    936497    972049    103989    126649      7146      7701     28512     29705     69568     74870    872242    902960    100569    122945      6535      7082     27230     28247
2I1088 52    2145325   1040063   1105262    907951    948603     99000    121433      6719      7357     26393     27869     65638     71459    847263    882663     95775    117785      6138      6806     25249     26549
2I1088 53    2190929   1060994   1129935    929985    972360     99458    122842      6641      6984     24910     27749     66783     72091    867834    905671     96420    119180      6099      6437     23858     26556
2I1088 54    2155563   1041643   1113920    910550    956533    100373    122208      6765      7067     23955     28112     64762     70326    850592    891675     97128    118663      6182      6427     22979     26829
2I1088 55    2041906    979714   1062192    851783    907947     99118    119981      6176      7084     22637     27180     58367     65593    798084    847745     96062    116426      5644      6556     21557     25872
2I1088 56    2114324   1009110   1105214    889236    953395     93251    119420      5562      6380     21061     26019     57886     64145    835434    893865     90592    116374      5120      5886     20078     24944
2I1088 57    2196153   1045822   1150331    922544    996554     97017    121773      5555      6358     20706     25646     59946     66159    866758    935295     94229    118434      5131      5884     19758     24559
2I1088 58    2097989    999456   1098533    891206    962242     84451    106438      5301      5767     18498     24086     55990     63975    839029    903064     81996    103284      4842      5275     17599     22935
2I1088 59    2215539   1054313   1161226    936977   1014082     91615    114836      5715      6006     20006     26302     57743     65172    883164    953821     89064    111595      5214      5508     19128     25130
2I1088 60    2199027   1027694   1171333    914060   1025349     89831    115378      5102      5753     18701     24853     52419     59948    865320    969949     87402    112322      4673      5305     17880     23809
2I1088 61    2151566   1004412   1147154    898053   1008796     83961    109518      4805      5292     17593     23548     49365     57031    852053    955890     81776    106786      4399      4862     16819     22585
2I1088 62    2101243    971659   1129584    865830    990989     83650    110459      4796      5205     17383     22931     46350     55402    822707    939679     81559    107829      4423      4742     16620     21932
2I1088 63    2137506    990215   1147291    890483   1016038     78616    104673      4499      5092     16617     21488     45415     53398    848044    966279     76737    102313      4137      4733     15882     20568
2I1088 64    2184701   1000568   1184133    896218   1046176     82494    110573      4456      5495     17400     21889     44285     52507    854800    997606     80626    107872      4101      5129     16756     21019
2I1088 65    2076802    942660   1134142    841952   1000558     79634    108236      4487      4907     16587     20441     41266     48014    803395    956513     77861    105586      4161      4519     15977     19510
2I1088 66    2049755    927709   1122046    835223    998823     73286     99800      3810      4559     15390     18864     38624     45904    799000    956233     71720     97572      3554      4246     14811     18091
2I1088 67    2051107    925692   1125415    835275   1004497     72210     98966      3634      4287     14573     17665     35671     44212    801792    963299     70804     96859      3354      4016     14071     17029
2I1088 68    1860493    828474   1032019    747658    921965     63966     89646      3387      4105     13463     16303     31577     40441    718164    884422     62668     87773      3129      3805     12936     15578
2I1088 69    1821617    798178   1023439    718033    913116     64280     90449      3179      4014     12686     15860     29127     38548    690999    877478     62837     88487      2980      3786     12235     15140
2I1088 70    1738190    755587    982603    679947    877366     61617     87825      2679      3473     11344     13939     24639     33428    657042    846310     60464     86165      2496      3258     10946     13442
2I1088 71    1671903    718641    953262    651741    858044     54000     78970      2593      3393     10307     12855     23662     32591    629809    827841     52886     77379      2371      3138      9913     12313
2I1088 72    1521000    642740    878260    581398    788097     49003     74821      2472      3110      9867     12232     20286     29223    562634    761027     48102     73370      2280      2899      9438     11741
2I1088 73    1462325    612090    850235    557008    765853     43976     70355      2190      3080      8916     10947     20264     29084    537986    738734     43148     69025      2062      2891      8630     10501
2I1088 74    1438854    589430    849424    536481    767072     41970     68490      2026      3212      8953     10650     19866     29487    517936    739675     41199     67057      1943      3016      8486     10189
2I1088 75    1369159    554419    814740    502572    734092     41956     68108      1910      2779      7981      9761     18565     27542    485258    708282     41195     66892      1752      2634      7649      9390
2I1088 76    1268120    505126    762994    457949    689507     38233     62483      1848      2605      7096      8399     16510     25513    442619    665633     37489     61372      1712      2440      6796      8036
2I1088 77    1192756    463731    729025    419471    658286     35700     60505      1842      2537      6718      7697     15875     24809    404746    635052     35037     59420      1729      2357      6344      7387
2I1088 78    1096090    417595    678495    379441    617019     30549     52354      1458      2239      6147      6883     14484     22489    365960    595848     29965     51428      1353      2120      5833      6610
2I1088 79    1017624    375217    642407    336985    579880     30945     54307      1257      2209      6030      6011     12817     20350    325055    560949     30470     53293      1158      2064      5717      5751
2I1088 80     905615    327070    578545    295268    526449     25836     45438      1154      1778      4812      4880     11243     17481    284812    509956     25383     44772      1076      1674      4556      4662
2I1088 81     824620    290945    533675    265694    490716     20108     37107       956      1523      4187      4329     10156     16008    256241    475549     19749     36519       891      1461      3908      4138
2I1088 82     747310    257751    489559    235215    449707     18188     34732       842      1381      3506      3739      9307     14830    226518    435689     17854     34133       791      1316      3281      3591
2I1088 83     664962    222002    442960    202428    406578     15850     31798       708      1196      3016      3388      8214     13269    194705    393993     15563     31352       665      1127      2855      3219
2I1088 84     595529    192455    403074    173868    368186     15143     30602       804      1171      2640      3115      7247     12051    167138    356745     14896     30160       672      1098      2502      3020
2I1088 85     519760    162911    356849    147170    327190     12869     26065       598       966      2274      2628      6255     10209    141311    317567     12615     25645       571       912      2159      2516
2I1088 86     445100    136076    309024    123690    284730     10104     21240       476       833      1806      2221      5046      8169    118967    276990      9915     20934       448       794      1700      2137
2I1088 87     381935    113757    268178    103237    247199      8510     18345       402       763      1608      1871      4280      7596     99301    240013      8375     18053       366       703      1435      1813
2I1088 88     314741     90967    223774     82897    206789      6367     14593       333       602      1370      1790      3807      6499     79336    200659      6212     14355       315       551      1297      1710
2I1088 89     289358     79861    209497     70599    190132      7831     17259       393       584      1038      1522      2699      4580     68132    185807      7699     17077       352       536       979      1497
2I1088 90     212318     55851    156467     50195    144550      4740     10606       255       378       661       933      1749      3170     48590    141532      4653     10488       237       353       622       924
2I1088 91     165818     40508    125310     37007    116866      2838      7351       147       287       516       806      1294      2621     35825    114401      2779      7245       136       257       474       786
2I1088 92     133674     31488    102186     28800     94837      2179      6473       116       218       393       658      1117      2296     27774     92655      2140      6388       105       208       352       639
2I1088 93     115152     28669     86483     25898     79759      2466      6068        92       178       213       478       944      1946     25021     77918      2429      5993        88       170       187       456
2I1088 94      95884     23778     72106     21394     65781      2197      5633        66       190       121       502       768      1561     20683     64298      2155      5583        62       182       110       482
2I1088 95      68146     15439     52707     14010     48142      1206      4004        74       136       149       425       529      1195     13519     47039      1185      3930        68       126       138       417
2I1088 96      49674     10676     38998      9619     35676       873      2910        43       109       141       303       398       851      9248     34862       860      2884        38       104       132       297
2I1088 97      36988      7860     29128      6731     26329       827      2458        65        84       237       257       268       671      6474     25700       822      2435        61        77       235       245
2I1088 98      25144      5191     19953      4462     18012       580      1680        40        59       109       202       210       522      4269     17554       572      1633        36        51       104       193
2I1088 99      20108      4613     15495      3905     13693       595      1588        39        60        74       154       239       468      3694     13291       579      1544        35        52        66       140
2I1088100      39903     12259     27644     10519     23307      1499      3874        86       152       155       311       544       961     10082     22494      1433      3788        70       127       130       274
2I 189999  246223598 120161756 126061842 101518955 105734001  14264973  15799615    974563    990570   3403265   3537656  10802484  10427768  91597298  96170754  13712387  15255894    853975    877981   3195612   3329445
2I 189  0    3807937   1947951   1859986   1556677   1478816    304411    297872     22199     21700     64664     61598    247606    238080   1330735   1261400    290806    284928     19037     18666     59767     56912
2I 189  1    3650309   1867232   1783077   1500113   1425248    285539    280382     20898     19918     60682     57529    234615    224683   1285949   1220279    272728    267931     17949     17099     55991     53085
2I 189  2    3625406   1855508   1769898   1493599   1418923    281295    273512     21035     20114     59579     57349    233075    222867   1280666   1215075    268563    261598     18148     17287     55056     53071
2I 189  3    3644375   1865115   1779260   1509203   1431186    274918    269215     20927     20548     60067     58311    225054    215579   1303148   1234100    263031    257739     18183     17771     55699     54071
2I 189  4    3608924   1845929   1762995   1490372   1415227    275803    269510     20543     20228     59211     58030    216837    208229   1291481   1224666    264634    258514     17942     17663     55035     53923
2I 189  5    3585132   1835959   1749173   1483006   1404103    271587    266196     21203     20281     60163     58593    215619    206679   1285046   1214570    260738    255572     18586     17766     55970     54586
2I 189  6    3624771   1854014   1770757   1499979   1426543    273984    266026     20745     19947     59306     58241    219010    210486   1298658   1233043    263089    255530     18079     17409     55178     54289
2I 189  7    3596380   1839899   1756481   1489290   1412696    272892    268494     18991     18539     58726     56752    212322    204803   1293845   1224497    262571    258259     16505     16113     54656     52809
2I 189  8    3446825   1764609   1682216   1425950   1350765    263754    258313     20075     20103     54830     53035    209654    201482   1233394   1165756    253269    248369     17377     17421     50915     49188
2I 189  9    3600218   1843809   1756409   1481762   1403937    283415    276410     21427     20276     57205     55786    224240    216605   1277275   1206082    271716    265383     17609     16649     52969     51690
2I 189 10    3458337   1773066   1685271   1428175   1348951    271580    265433     18991     18032     54320     52855    195978    184645   1248388   1179872    261650    255859     16554     15689     50496     49206
2I 189 11    3403585   1743899   1659686   1411490   1334274    262538    258235     18088     17686     51783     49491    198755    190288   1228976   1159112    252547    249000     15697     15372     47924     45914
2I 189 12    3244494   1660697   1583797   1337926   1268295    251758    247107     18740     17697     52273     50698    192144    184936   1161048   1098373    242337    237869     16471     15479     48697     47140
2I 189 13    3245254   1661652   1583602   1339113   1269633    250676    244752     18436     18119     53427     51098    188052    180973   1165941   1102684    241494    236417     16275     15929     49890     47599
2I 189 14    3277672   1681123   1596549   1352778   1279520    252434    246461     18705     17854     57206     52714    186627    178333   1181446   1115529    243352    237537     16456     15884     53242     49266
2I 189 15    3281321   1681020   1600301   1344803   1273801    259971    254018     19092     18437     57154     54045    186918    177625   1173097   1111277    250957    244960     16781     16124     53267     50315
2I 189 16    3414770   1753898   1660872   1408436   1327869    269066    260984     18969     18057     57427     53962    197924    180898   1226194   1161680    259620    252073     16589     15861     53571     50360
2I 189 17    3770673   1940666   1830007   1568797   1474357    290739    280385     19827     18321     61303     56944    215954    192886   1370021   1296513    280256    271286     17252     16135     57183     53187
2I 189 18    3890041   1994922   1895119   1629425   1542820    285826    279876     19374     17978     60297     54445    221113    192992   1426359   1366068    274591    269645     16786     15787     56073     50627
2I 189 19    3980980   2034349   1946631   1657072   1576074    289517    290094     19885     18304     67875     62159    232730    200814   1443848   1392226    277463    279529     17023     16026     63285     58036
2I 189 20    3886872   1993871   1893001   1638694   1544291    272782    273531     18689     16979     63706     58200    233231    195648   1425074   1365535    260141    262821     16131     14860     59294     54137
2I 189 21    3809908   1954662   1855246   1601565   1506911    272217    273775     18126     16404     62754     58156    238806    198150   1383026   1325878    259417    262805     15330     14358     58083     54055
2I 189 22    3793166   1941381   1851785   1599001   1510258    263307    269518     18127     17091     60946     54918    239930    201280   1379432   1326124    250506    258577     15276     14892     56237     50912
2I 189 23    3906061   1992767   1913294   1643934   1557241    268614    280194     18885     17296     61334     58563    248754    207783   1415630   1367105    255674    268943     16057     15120     56652     54343
2I 189 24    4227946   2145945   2082001   1783476   1705204    277405    295225     19311     18822     65753     62750    259223    218834   1545663   1505256    263446    283061     16544     16490     61069     58360
2I 189 25    4257923   2159399   2098524   1799618   1723969    274080    290816     19117     18113     66584     65626    256634    217906   1564274   1524545    260708    279128     16191     15807     61592     61138
2I 189 26    4305780   2169973   2135807   1813723   1758539    270895    291669     18508     17961     66847     67638    253634    217877   1580829   1559223    257632    280016     15805     15529     62073     63162
2I 189 27    4422990   2228900   2194090   1871488   1811242    272023    296492     17589     17825     67800     68531    246640    211331   1645467   1618467    258720    284585     14912     15606     63161     64101
2I 189 28    4199930   2109333   2090597   1778766   1729782    250735    276646     16907     17388     62925     66781    226202    199923   1571059   1546881    238866    266014     14549     15153     58657     62626
2I 189 29    4598335   2310779   2287556   1933301   1878732    285949    313608     18463     18443     73066     76773    244294    214362   1709687   1682686    272758    301840     15766     16430     68274     72238
2I 189 30    4468393   2237095   2231298   1883392   1842987    266931    297173     17014     17709     69758     73429    219091    199604   1682483   1660930    255143    286109     14707     15482     65671     69173
2I 189 31    4396772   2196150   2200622   1851362   1820861    258290    288340     16562     16642     69936     74779    208905    192832   1660031   1644698    247298    278042     13980     14430     65936     70620
2I 189 32    4316359   2154544   2161815   1816095   1786835    252305    284093     17375     18542     68769     72345    198831    185891   1634137   1617076    241361    274086     15269     16359     64946     68403
2I 189 33    4168776   2070033   2098743   1751369   1737562    236444    270983     16103     17483     66117     72715    188729    177451   1578568   1575451    226442    261516     13949     15560     62345     68765
2I 189 34    4267046   2130372   2136674   1799762   1767729    245380    278610     14163     14175     71067     76160    187695    176015   1627898   1606978    235204    269094     12362     12532     67213     72055
2I 189 35    4100778   2041465   2059313   1730439   1711555    229906    260151     16147     17297     64973     70310    171014    165589   1573655   1561111    221106    250934     14185     15293     61505     66386
2I 189 36    3950203   1958370   1991833   1672268   1662971    210003    245431     15363     16375     60736     67056    159287    155283   1526645   1520969    201547    237228     13445     14689     57446     63664
2I 189 37    3883923   1925018   1958905   1639122   1630616    212092    246398     14476     15545     59328     66346    152018    148468   1500261   1494765    203688    238363     12808     13992     56243     63317
2I 189 38    3495582   1729662   1765920   1473460   1470893    189219    219197     13483     14730     53500     61100    140146    137596   1344641   1345182    182017    212081     12035     13211     50823     57850
2I 189 39    3852253   1911203   1941050   1625257   1615332    211388    242236     12823     13319     61735     70163    146632    145588   1490978   1482341    203485    234216     11424     12018     58684     66887
2I 189 40    3719886   1837748   1882138   1575851   1580571    192264    223106     13232     13882     56401     64579    131018    132662   1455973   1459681    185361    215850     11739     12497     53657     61448
2I 189 41    3770734   1855808   1914926   1618786   1638173    172437    203135     12470     13293     52115     60325    125093    127363   1503721   1521256    166313    196772     11138     11998     49543     57537
2I 189 42    3376865   1672880   1703985   1460577   1459930    153897    179600     11989     12181     46417     52274    115001    117516   1355051   1352492    148154    173566     10638     10894     44036     49517
2I 189 43    2804644   1376678   1427966   1183056   1202412    137492    163427     11523     11796     44607     50331    105598    108544   1086183   1103310    132064    157364     10344     10734     42489     48014
2I 189 44    2931821   1446852   1484969   1252165   1263174    143429    166373     10224     11494     41034     43928    102491    103723   1157975   1168243    138096    160885      9259     10468     39031     41650
2I 189 45    3006735   1478016   1528719   1288641   1310532    139872    164650      9555     10031     39948     43506     94784    100998   1201177   1218016    135258    159206      8701      9100     38096     41399
2I 189 46    2833483   1393722   1439761   1221611   1239282    127298    152060      9192      9762     35621     38657     88014     92466   1140417   1154313    123071    147227      8310      8938     33910     36817
2I 189 47    2593644   1268282   1325362   1093349   1122332    129080    154732      9246      9582     36607     38716     85333     88673   1015296   1041304    124300    149912      8454      8728     34899     36745
2I 189 48    2323141   1133896   1189245    987483   1017382    106824    130609      8098      8349     31491     32905     77632     81169    915945    942762    102996    126352      7391      7644     29932     31318
2I 189 49    2446809   1199939   1246870   1032418   1056398    124358    146232      8609      9243     34554     34997     83120     86924    956146    976957    119827    141387      7934      8395     32912     33207
2I 189 50    2415938   1178131   1237807   1023082   1057834    114533    138880      7990      8368     32526     32725     74037     79793    955210    984669    110737    134510      7212      7650     30935     31185
2I 189 51    2235764   1087999   1147765    945645    980756    105954    128745      7295      7852     29105     30412     70857     76080    880256    910644    102431    124916      6665      7216     27790     28909
2I 189 52    2137769   1036655   1101114    904653    944836     98354    120745      6828      7414     26820     28119     65894     71662    843831    878724     95054    117135      6228      6841     25648     26752
2I 189 53    2191442   1060370   1131072    928601    972636     99755    123204      6637      7095     25377     28137     66657     72361    866682    905854     96676    119398      6085      6549     24270     26910
2I 189 54    2189863   1058596   1131267    926763    972517    100441    123182      6924      7141     24468     28427     66623     71968    865060    906059     97118    119643      6325      6483     23470     27114
2I 189 55    2029417    974721   1054696    846291    900927     99090    119299      6263      7103     23077     27367     58692     65675    792321    840787     96009    115631      5715      6564     21984     26039
2I 189 56    2097983   1001654   1096329    881747    944437     92908    119001      5657      6493     21342     26398     57918     64871    828045    884384     90182    115850      5186      5979     20323     25245
2I 189 57    2176602   1036757   1139845    913505    985995     96696    121606      5596      6361     20960     25883     59565     65355    858139    925440     93900    118339      5169      5887     19984     24824
2I 189 58    2091228    994399   1096829    886166    960161     84236    106542      5271      5843     18726     24283     55983     64057    834042    901002     81744    103324      4820      5336     17810     23110
2I 189 59    2211707   1055139   1156568    937670   1009400     91322    114626      5829      6037     20318     26505     58577     65975    883100    948361     88738    111384      5299      5530     19425     25318
2I 189 60    2181771   1019592   1162179    905926   1015974     89530    115155      5131      5822     19005     25228     52858     60600    856841    960064     87050    112008      4692      5356     18151     24151
2I 189 61    2161088   1011018   1150070    904473   1011374     83836    109538      4871      5346     17838     23812     50337     57718    857572    957846     81614    106767      4450      4906     17045     22833
2I 189 62    2101025    971734   1129291    865424    989985     83898    110760      4818      5294     17594     23252     46617     56020    822097    938132     81752    108072      4432      4828     16836     22239
2I 189 63    2118557    981204   1137353    881277   1005498     78681    104899      4535      5027     16711     21929     45719     53637    838574    955609     76781    102498      4181      4650     15949     20959
2I 189 64    2191962   1003877   1188085    899251   1049652     82570    110755      4462      5578     17594     22100     44607     53741    857602    999879     80653    108031      4100      5203     16915     21231
2I 189 65    2087828    947430   1140398    846453   1006160     79778    108496      4511      4946     16688     20796     41929     48617    807258    961518     77977    105818      4168      4567     16098     19878
2I 189 66    2025130    915359   1109771    822336    985710     73456    100160      3862      4645     15705     19256     38919     46354    785898    942833     71850     97890      3595      4294     15097     18400
2I 189 67    2072082    934578   1137504    843464   1015708     72538     99534      3700      4346     14876     17916     36665     44977    809064    973781     71086     97371      3416      4090     14347     17285
2I 189 68    1879075    837425   1041650    755881    930574     64467     90351      3415      4160     13662     16565     31783     40828    726159    892643     63205     88485      3146      3843     13132     15851
2I 189 69    1829867    802504   1027363    721948    916394     64227     90595      3244      4080     13085     16294     30443     39849    693675    879557     62744     88565      3031      3841     12611     15551
2I 189 70    1732497    752717    979780    676779    873926     61730     88135      2714      3527     11494     14192     24676     33575    653860    842772     60555     86445      2534      3313     11092     13675
2I 189 71    1687748    727113    960635    659981    865110     54073     79096      2616      3449     10443     12980     24432     33378    637287    834135     52953     77493      2395      3183     10046     12446
2I 189 72    1528622    645927    882695    584482    792482     48958     74731      2468      3149     10019     12333     20413     29517    565639    765193     48030     73239      2276      2930      9569     11816
2I 189 73    1462763    613550    849213    558102    764480     44277     70502      2234      3019      8937     11212     20312     28896    539038    737496     43445     69216      2083      2833      8672     10772
2I 189 74    1442067    591111    850956    538188    768643     41903     68376      2035      3264      8985     10673     19928     29731    519574    741058     41110     66906      1960      3061      8539     10200
2I 189 75    1373561    556545    817016    504675    736059     41866     68172      1904      2805      8100      9980     18756     27763    487160    710064     41117     66936      1741      2650      7771      9603
2I 189 76    1273010    507434    765576    460207    691838     38186     62581      1863      2633      7178      8524     16662     25908    444733    667586     37429     61465      1725      2468      6885      8149
2I 189 77    1199298    466654    732644    422165    661312     35826     60933      1838      2571      6825      7828     15889     24843    407394    638118     35179     59786      1729      2379      6463      7518
2I 189 78    1102398    420565    681833    382211    620000     30681     52604      1486      2226      6187      7003     14677     22993    368545    598299     30075     51707      1391      2111      5877      6723
2I 189 79    1024554    378111    646443    339677    583322     30998     54727      1284      2236      6152      6158     13039     20723    327558    564066     30524     53687      1162      2085      5828      5882
2I 189 80     911666    329618    582048    297670    529501     25920     45774      1150      1803      4878      4970     11283     17734    287173    512796     25466     45073      1075      1695      4621      4750
2I 189 81     830084    293130    536954    267677    493575     20259     37470       959      1545      4235      4364     10234     16216    258132    478220     19898     36879       897      1473      3969      4166
2I 189 82     753727    260141    493586    237352    453303     18332     35058       868      1394      3589      3831      9349     15004    228627    439109     17997     34453       806      1335      3362      3685
2I 189 83     670288    224010    446278    204230    409567     15933     32054       699      1220      3148      3437      8320     13392    196403    396902     15649     31585       669      1145      2969      3254
2I 189 84     600394    194137    406257    175374    371069     15207     30818       842      1188      2714      3182      7335     12316    168599    359370     14954     30370       683      1113      2566      3088
2I 189 85     524459    164512    359947    148577    329959     12999     26357       612       983      2324      2648      6318     10396    142656    320143     12753     25942       579       924      2206      2542
2I 189 86     447460    136698    310762    124291    286295     10107     21347       476       840      1824      2280      5170      8389    119442    278357      9910     21027       448       802      1728      2187
2I 189 87     384394    114336    270058    103729    248833      8624     18583       404       773      1579      1869      4155      7349     99878    241888      8496     18300       372       700      1435      1821
2I 189 88     316104     91364    224740     83261    207669      6391     14647       332       632      1380      1792      3936      6881     79573    201197      6237     14393       312       568      1306      1701
2I 189 89     291907     80503    211404     71217    191683      7801     17453       386       597      1099      1671      2835      4808     68613    187151      7673     17275       344       548      1038      1622
2I 189 90     214262     56469    157793     50790    145731      4749     10702       260       399       670       961      1787      3270     49154    142647      4659     10581       240       352       629       943
2I 189 91     167229     41036    126193     37484    117710      2863      7384       152       277       537       822      1308      2625     36285    115235      2809      7268       140       262       494       803
2I 189 92     134796     31808    102988     29122     95628      2192      6453       122       228       372       679      1088      2287     28100     93451      2151      6376       110       213       359       661
2I 189 93     114645     28134     86511     25461     79857      2355      5972        88       177       230       505       932      1991     24590     77985      2321      5893        84       167       207       475
2I 189 94      95976     23758     72218     21375     65967      2191      5557        67       190       125       504       771      1567     20661     64472      2148      5506        62       182       116       491
2I 189 95      68426     15509     52917     14073     48372      1222      3995        73       135       141       415       528      1205     13580     47264      1202      3918        71       124       128       406
2I 189 96      50057     10825     39232      9761     35898       891      2918        40       109       133       307       402       862      9385     35076       876      2890        37       103       125       301
2I 189 97      37450      7983     29467      6882     26624       835      2489        59        77       207       277       281       681      6613     25980       830      2474        56        72       203       260
2I 189 98      25422      5231     20191      4491     18241       581      1691        42        64       117       195       198       513      4311     17784       574      1652        38        56       110       186
2I 189 99      20584      4719     15865      4000     14033       603      1623        38        60        78       149       243       477      3783     13619       589      1580        33        52        71       137
2I 189100      37490      8906     28584      7120     24052      1531      4055        94       158       161       319       540      1008      6689     23198      1466      3966        76       132       135       280
